Mass [kg]        Velocity [m s-1]    Theta [rad]    CO2 [wt. frac]    
7.8456596051e-09 5.5996365943e+04 5.1807797787e-01 0.0000000000e+00 
1.8778493756e-08 5.4827686486e+04 1.2638287978e+00 0.0000000000e+00 
3.2010196211e-09 2.3062316565e+04 8.4559627875e-01 0.0000000000e+00 
4.3573524515e-09 2.5586843387e+04 9.1615977810e-01 0.0000000000e+00 
1.3054293158e-08 4.4100382360e+04 8.5409954688e-01 0.0000000000e+00 
4.6724844654e-08 5.4423117972e+04 1.1888428406e+00 0.0000000000e+00 
3.1277857250e-09 5.6643336327e+04 1.1057411252e+00 0.0000000000e+00 
1.5581346032e-08 4.7894148830e+04 9.7702081313e-01 0.0000000000e+00 
3.1266813929e-08 4.8231831363e+04 9.7703575276e-02 0.0000000000e+00 
5.8005830341e-08 1.6225064114e+04 4.1645257276e-01 0.0000000000e+00 
4.5311447356e-08 3.1208276304e+04 3.8930563696e-01 0.0000000000e+00 
4.1796994765e-08 4.9391375611e+04 2.0899979291e-01 0.0000000000e+00 
2.9320000000e-04 5.8713747301e+04 7.8243393353e-01 0.0000000000e+00 
5.6877986686e-06 2.1992639281e+04 5.4681938182e-01 0.0000000000e+00 
6.0121181084e-09 2.2557397869e+04 9.4453882934e-01 0.0000000000e+00 
4.9095322603e-11 2.6439890449e+04 7.5298932259e-01 0.0000000000e+00 
4.5458643768e-10 1.6824502284e+04 1.7908460445e-01 0.0000000000e+00 
1.7665214405e-07 4.8643506751e+04 1.6046328428e-01 0.0000000000e+00 
4.0223390787e-07 5.9920701636e+04 4.2245936513e-01 0.0000000000e+00 
6.0942301552e-11 5.0652065335e+04 1.2900993410e+00 0.0000000000e+00 
6.1850912851e-08 5.3341961182e+04 1.1287800859e+00 0.0000000000e+00 
6.0314349370e-08 4.1475788988e+04 4.0518154840e-01 0.0000000000e+00 
1.2617900437e-08 4.2073681312e+04 4.0545431341e-02 0.0000000000e+00 
5.2272686807e-10 4.0003310450e+04 7.6989966159e-01 0.0000000000e+00 
8.2063256284e-09 5.5946999534e+04 1.1069320870e+00 0.0000000000e+00 
6.9114497818e-09 1.9483970319e+04 3.2346675822e-01 0.0000000000e+00 
1.6332786931e-09 4.4976060212e+04 1.3689510537e+00 0.0000000000e+00 
1.0200989295e-08 3.9904955518e+04 1.2010333484e+00 0.0000000000e+00 
4.3469255530e-09 5.4325112810e+04 1.0323987680e+00 0.0000000000e+00 
7.2124239129e-08 4.8693888118e+04 5.3141210182e-01 0.0000000000e+00 
1.9414560901e-10 3.8773920545e+04 5.5256389572e-01 0.0000000000e+00 
9.2483628655e-09 5.7183412007e+04 1.4110479944e+00 0.0000000000e+00 
2.9320000000e-04 4.4863243608e+04 2.4487755402e-01 0.0000000000e+00 
7.3195465848e-09 3.8143770178e+04 8.2267010273e-01 0.0000000000e+00 
1.5412103068e-05 1.3823767607e+04 1.0311549208e+00 0.0000000000e+00 
1.8460894825e-07 5.4991874496e+04 5.7553468756e-01 0.0000000000e+00 
1.1259100075e-09 3.9116837061e+04 5.3478497565e-01 0.0000000000e+00 
2.6642770050e-09 2.4399868499e+04 3.1671925617e-02 0.0000000000e+00 
3.7580325285e-08 5.9677945873e+04 8.7115232604e-01 0.0000000000e+00 
4.7715433417e-07 1.4785275437e+04 1.2650873466e+00 0.0000000000e+00 
1.4641566936e-09 2.8706869191e+04 5.5774180308e-01 0.0000000000e+00 
8.4533836351e-10 1.3222729968e+04 8.7673176928e-01 0.0000000000e+00 
2.9320000000e-04 5.1819423731e+04 1.1390471513e+00 0.0000000000e+00 
3.9355836575e-09 5.2738784041e+04 6.0497499727e-01 0.0000000000e+00 
3.1294123201e-07 3.2514415128e+04 5.8384114262e-01 0.0000000000e+00 
3.2438798098e-11 3.6038942544e+04 4.2992263515e-01 0.0000000000e+00 
1.6344942400e-07 3.6720408132e+04 1.1003191296e+00 0.0000000000e+00 
2.9320000000e-04 5.7172021397e+04 1.0620197625e+00 0.0000000000e+00 
1.6127507516e-08 4.5148307812e+04 1.4297593749e+00 0.0000000000e+00 
1.0947289442e-08 4.8576938655e+04 1.0737572824e+00 0.0000000000e+00 
3.3731641175e-09 3.7223278713e+04 4.4505481228e-01 0.0000000000e+00 
2.8631662532e-11 5.3823590035e+04 1.3737235088e+00 0.0000000000e+00 
3.1656821124e-08 3.3688793641e+04 1.2080573594e+00 0.0000000000e+00 
3.0128859542e-08 5.7105455941e+04 4.2728949118e-01 0.0000000000e+00 
1.2590402875e-05 2.6455984749e+04 1.0069113706e+00 0.0000000000e+00 
2.7381028554e-08 4.4390463812e+04 1.0086972288e+00 0.0000000000e+00 
4.8862706443e-06 3.0984282339e+04 1.1444648114e+00 0.0000000000e+00 
4.4433254556e-08 3.2693587679e+04 1.2033884955e+00 0.0000000000e+00 
2.1628297014e-07 5.5901374805e+04 7.1282629794e-01 0.0000000000e+00 
1.0293775396e-07 4.2259590145e+04 8.4889169153e-01 0.0000000000e+00 
5.0011331278e-11 1.6368537342e+04 8.1309500282e-01 0.0000000000e+00 
2.3679385914e-09 1.1798302853e+04 5.9276382605e-01 0.0000000000e+00 
1.4941965972e-07 3.9529309780e+04 2.6894743243e-01 0.0000000000e+00 
5.4767936827e-07 5.1817079842e+04 7.8404440572e-01 0.0000000000e+00 
1.7205404963e-09 5.1155252344e+04 9.7271088731e-01 0.0000000000e+00 
1.1240226517e-10 2.0959512968e+04 6.7582221620e-01 0.0000000000e+00 
6.4169805234e-08 2.4230160979e+04 1.2004837185e+00 0.0000000000e+00 
1.8128346398e-07 1.3900569194e+04 1.4001780115e+00 0.0000000000e+00 
8.4432983017e-06 1.8930085913e+04 1.6999889037e-01 0.0000000000e+00 
8.8994865190e-11 2.1049540157e+04 5.9711042711e-01 0.0000000000e+00 
1.8725052154e-08 5.5213196289e+04 6.4118882423e-01 0.0000000000e+00 
4.0895940290e-10 2.2204719493e+04 8.2308699513e-01 0.0000000000e+00 
3.6886789473e-08 3.6787249511e+04 8.0885944901e-01 0.0000000000e+00 
2.0439330995e-08 2.8118313764e+04 6.1764117072e-01 0.0000000000e+00 
8.7219890786e-11 1.3189329056e+04 1.0114162860e+00 0.0000000000e+00 
4.1612171132e-10 5.9555184868e+04 3.7191157452e-01 0.0000000000e+00 
1.4473363827e-08 4.2623088061e+04 6.6403718346e-01 0.0000000000e+00 
5.6330340548e-08 4.2390425792e+04 5.1246625663e-01 0.0000000000e+00 
1.8156792962e-07 4.9315203253e+04 6.0138818662e-01 0.0000000000e+00 
4.9707650292e-10 2.7098555433e+04 1.4610037485e+00 0.0000000000e+00 
4.2278752839e-07 1.2872329614e+04 7.8938192846e-01 0.0000000000e+00 
1.1603080502e-08 2.5304219481e+04 1.1164112781e+00 0.0000000000e+00 
1.6288903190e-07 2.5708059252e+04 3.1099663464e-01 0.0000000000e+00 
8.4620987351e-10 5.9149941220e+04 1.1495276371e+00 0.0000000000e+00 
3.2921659513e-08 1.4034676903e+04 9.7327236185e-01 0.0000000000e+00 
5.5105355776e-09 5.1716419247e+04 9.3968647473e-01 0.0000000000e+00 
5.0182459470e-08 2.7414917357e+04 1.0736424357e+00 0.0000000000e+00 
1.0283412221e-08 2.6771491709e+04 4.4089093941e-01 0.0000000000e+00 
2.6550656357e-10 4.0430743081e+04 5.9055586002e-01 0.0000000000e+00 
4.4529277288e-09 4.4668869322e+04 1.0730115167e+00 0.0000000000e+00 
2.1829977682e-09 3.9568864600e+04 7.1783142153e-01 0.0000000000e+00 
5.0837465784e-09 3.0853068343e+04 7.4084828994e-01 0.0000000000e+00 
3.9114138431e-09 5.9673055322e+04 7.6563638225e-01 0.0000000000e+00 
9.4111292401e-09 5.3619460209e+04 5.8480900308e-01 0.0000000000e+00 
9.5775973802e-11 4.2260966533e+04 1.1176085727e+00 0.0000000000e+00 
1.5883011494e-09 5.1081885226e+04 3.2068737468e-01 0.0000000000e+00 
3.5192378490e-08 3.1613245500e+04 1.2256030904e+00 0.0000000000e+00 
1.8020557045e-08 3.2476517803e+04 4.0842213687e-01 0.0000000000e+00 
1.2886791611e-09 2.4940830104e+04 7.5475454596e-01 0.0000000000e+00 
4.0979435692e-10 5.0558717925e+04 3.9407995221e-01 0.0000000000e+00 
2.1647856084e-09 5.5990685363e+04 6.4103693312e-01 0.0000000000e+00 
1.9574487856e-08 4.2719143662e+04 1.2414180989e+00 0.0000000000e+00 
1.8656329269e-08 2.4300277035e+04 9.4732640516e-01 0.0000000000e+00 
8.7378951849e-08 5.9938078065e+04 8.6548255142e-01 0.0000000000e+00 
1.0389432154e-08 1.8804011746e+04 1.2795613692e+00 0.0000000000e+00 
4.8298735758e-08 2.9321838352e+04 8.1499155785e-01 0.0000000000e+00 
9.5098823985e-09 5.0053458199e+04 9.1544042871e-01 0.0000000000e+00 
1.7295076901e-07 4.8141592295e+04 2.5304762545e-01 0.0000000000e+00 
3.2968249197e-07 2.1595494235e+04 7.3729163847e-01 0.0000000000e+00 
1.2833539711e-08 5.6014606130e+04 1.0992391663e+00 0.0000000000e+00 
8.1200578134e-11 3.0304209535e+04 2.3465062619e-01 0.0000000000e+00 
4.0067520189e-10 1.8722068953e+04 9.3363027089e-01 0.0000000000e+00 
2.0671466763e-08 5.3556605320e+04 1.2428586055e-01 0.0000000000e+00 
2.1473898572e-05 5.9772451711e+04 3.3268126328e-01 0.0000000000e+00 
1.5127492774e-10 5.0314675035e+04 7.5310127332e-01 0.0000000000e+00 
1.0982400148e-08 2.1404092398e+04 3.1713472491e-01 0.0000000000e+00 
3.4891435617e-08 3.4740767389e+04 1.0541241635e+00 0.0000000000e+00 
4.2301139104e-06 5.6166350070e+04 1.2498438173e+00 0.0000000000e+00 
3.1840835200e-10 5.9276552136e+04 1.1255289543e+00 0.0000000000e+00 
1.5967203877e-09 3.1968208733e+04 1.1681201359e+00 0.0000000000e+00 
8.4456079234e-10 1.5898058936e+04 1.2855979511e+00 0.0000000000e+00 
1.5934129583e-07 1.9822664434e+04 9.0912583622e-01 0.0000000000e+00 
1.0386105846e-09 2.1046850071e+04 5.7421449968e-01 0.0000000000e+00 
3.6784831493e-10 4.6397395178e+04 3.2917981717e-01 0.0000000000e+00 
1.2034563021e-08 3.4056969956e+04 1.3772433638e+00 0.0000000000e+00 
3.3498308508e-08 5.8831090712e+04 1.3022799242e+00 0.0000000000e+00 
9.7343806240e-06 5.8094738414e+04 6.6931077681e-01 0.0000000000e+00 
9.8318793259e-05 1.5274238740e+04 6.5693869957e-01 0.0000000000e+00 
3.4755170234e-11 5.0447317620e+04 1.2634102800e+00 0.0000000000e+00 
9.5847085800e-05 2.7964916217e+04 1.2884747986e+00 0.0000000000e+00 
1.0435521549e-08 5.0899476694e+04 1.8979327421e-01 0.0000000000e+00 
1.3747781443e-07 3.0036385286e+04 8.6072179926e-01 0.0000000000e+00 
1.0405081567e-06 4.8154233992e+04 1.2057856809e+00 0.0000000000e+00 
4.5172050031e-10 2.1565680922e+04 5.8285469517e-01 0.0000000000e+00 
1.4283213950e-06 2.1335272929e+04 7.5253310910e-01 0.0000000000e+00 
2.1378980347e-09 4.6390128287e+04 9.5106344476e-01 0.0000000000e+00 
3.1669498038e-10 2.0680392536e+04 1.5531099978e+00 0.0000000000e+00 
2.0426453505e-05 4.0971693912e+04 9.5679192149e-01 0.0000000000e+00 
1.4275288181e-08 4.5364135629e+04 2.5811940711e-01 0.0000000000e+00 
7.1572556584e-09 3.6096568525e+04 7.6903545704e-01 0.0000000000e+00 
9.2912828381e-11 2.9413406874e+04 4.0818336365e-01 0.0000000000e+00 
9.5528334959e-08 3.8938358650e+04 9.2554179345e-01 0.0000000000e+00 
3.7981366887e-10 3.6646157067e+04 2.0724995281e-01 0.0000000000e+00 
2.9588704832e-09 1.5640492432e+04 9.8858601255e-01 0.0000000000e+00 
3.9834193497e-10 5.9677879495e+04 5.5321517365e-01 0.0000000000e+00 
5.3947154118e-08 3.7262886756e+04 9.6181887475e-01 0.0000000000e+00 
4.1428970275e-07 3.3350968290e+04 1.0449893456e+00 0.0000000000e+00 
4.3102231318e-10 1.1957977127e+04 3.7650447203e-01 0.0000000000e+00 
1.8414847212e-07 2.2741421470e+04 2.1073464024e-01 0.0000000000e+00 
2.0574541616e-09 4.7812248358e+04 9.8002513698e-01 0.0000000000e+00 
2.0527640629e-05 3.5769508793e+04 7.0735731996e-01 0.0000000000e+00 
2.5822151148e-10 5.9570686783e+04 3.9115277386e-01 0.0000000000e+00 
1.3962581929e-09 3.9024289381e+04 1.0669598563e+00 0.0000000000e+00 
3.5560648574e-05 4.7281775037e+04 2.4622191970e-01 0.0000000000e+00 
2.3758153741e-09 4.6150699786e+04 1.0876863083e+00 0.0000000000e+00 
2.4199760401e-09 1.8366414459e+04 3.6734385347e-01 0.0000000000e+00 
2.9320000000e-04 5.9924454298e+04 1.0863108126e+00 0.0000000000e+00 
4.9986252338e-07 4.0653597119e+04 1.2866185982e+00 0.0000000000e+00 
2.1561119456e-09 1.4953607616e+04 6.1198695383e-01 0.0000000000e+00 
5.7131898676e-08 1.5621760524e+04 9.5878661216e-01 0.0000000000e+00 
3.0770852510e-05 2.6905023649e+04 7.3849513891e-01 0.0000000000e+00 
5.7163025112e-09 4.4048226379e+04 1.1368180867e+00 0.0000000000e+00 
4.7009727028e-09 1.6566055697e+04 1.2129557987e+00 0.0000000000e+00 
3.1761531714e-10 1.4110042083e+04 1.2742871483e+00 0.0000000000e+00 
9.1188582987e-10 3.3673204129e+04 8.7000774193e-01 0.0000000000e+00 
1.6950458959e-09 2.3996015450e+04 8.1124170633e-01 0.0000000000e+00 
1.0060563922e-08 1.4026298262e+04 6.9103086112e-01 0.0000000000e+00 
2.6655276137e-09 4.4593639186e+04 5.5219936890e-01 0.0000000000e+00 
1.8793376950e-09 5.0877044239e+04 6.4314508828e-01 0.0000000000e+00 
2.4039497599e-08 5.7886586294e+04 5.0530482005e-01 0.0000000000e+00 
3.7441338141e-06 4.2404858482e+04 1.0447385536e+00 0.0000000000e+00 
3.7926788135e-10 3.9679247091e+04 7.5739647941e-01 0.0000000000e+00 
5.8775854517e-09 2.3560995027e+04 4.4754591914e-01 0.0000000000e+00 
1.8781853717e-08 4.9360906434e+04 9.0169410783e-01 0.0000000000e+00 
1.0867352914e-09 2.3457588356e+04 8.9682162771e-02 0.0000000000e+00 
8.8801777339e-11 2.3717595470e+04 9.8403020332e-01 0.0000000000e+00 
2.1478075076e-04 5.2969995518e+04 6.8461143756e-01 0.0000000000e+00 
6.7506644927e-10 3.7672192741e+04 3.6711635578e-01 0.0000000000e+00 
2.4529110856e-08 4.3768625908e+04 1.3008406603e+00 0.0000000000e+00 
7.7379228416e-11 4.5121516028e+04 5.1797363339e-01 0.0000000000e+00 
1.0386606059e-07 3.7819144432e+04 1.3355533412e+00 0.0000000000e+00 
2.0375267267e-07 3.9487731241e+04 6.9697119625e-01 0.0000000000e+00 
1.1243816517e-09 4.4756036468e+04 7.1321637433e-01 0.0000000000e+00 
1.7621033271e-10 2.3995119040e+04 1.1936573649e+00 0.0000000000e+00 
5.6589364745e-07 4.6402980093e+04 3.7000507075e-01 0.0000000000e+00 
7.2090599449e-08 1.5398311291e+04 7.5539705541e-01 0.0000000000e+00 
9.4002172103e-10 1.1429626127e+04 7.0364708084e-01 0.0000000000e+00 
8.3969616756e-10 2.5052077303e+04 9.0540677760e-01 0.0000000000e+00 
1.0626920321e-08 2.6806663476e+04 6.8700085576e-01 0.0000000000e+00 
2.7784563033e-08 1.3541842148e+04 1.0354390686e+00 0.0000000000e+00 
5.2304322956e-06 1.9625472603e+04 6.6176611175e-01 0.0000000000e+00 
1.5562136679e-07 2.9054066906e+04 1.0529099873e+00 0.0000000000e+00 
4.2356714655e-10 4.9621813046e+04 8.1339167180e-01 0.0000000000e+00 
9.9254628052e-09 2.2262559176e+04 4.7425961917e-01 0.0000000000e+00 
4.7391798416e-10 1.1279858640e+04 7.0716560042e-01 0.0000000000e+00 
3.3919672760e-09 3.2758848053e+04 9.4006747623e-01 0.0000000000e+00 
9.3499253888e-09 3.1966038440e+04 4.2338093690e-01 0.0000000000e+00 
7.8441027681e-10 3.5289829347e+04 6.1176454752e-01 0.0000000000e+00 
2.9320000000e-04 1.8127591583e+04 9.3354779749e-01 0.0000000000e+00 
2.6324290693e-08 5.1502807941e+04 3.6623671914e-01 0.0000000000e+00 
1.6386861368e-08 4.1646737373e+04 1.4305225944e+00 0.0000000000e+00 
3.2343255173e-05 1.3705846184e+04 1.3722239703e-01 0.0000000000e+00 
4.6587937623e-07 1.7863078589e+04 7.5446447605e-01 0.0000000000e+00 
7.6126988207e-09 2.9846288565e+04 2.2110393457e-01 0.0000000000e+00 
7.8312132662e-09 4.2908703595e+04 6.3480567823e-01 0.0000000000e+00 
1.9104385246e-08 5.9605967034e+04 1.1092751329e+00 0.0000000000e+00 
1.8011682688e-10 3.5296670246e+04 5.3027211673e-01 0.0000000000e+00 
2.0232256084e-07 1.2823877806e+04 1.1996255430e+00 0.0000000000e+00 
9.9952108200e-10 3.8475755464e+04 5.8681351121e-01 0.0000000000e+00 
2.4297130080e-09 3.9291561215e+04 1.1695007386e+00 0.0000000000e+00 
1.0843785728e-10 3.6800732681e+04 9.2057109981e-01 0.0000000000e+00 
4.9062117738e-09 4.4900033855e+04 1.3320197540e+00 0.0000000000e+00 
1.7465742173e-05 3.4165487188e+04 3.5435469798e-01 0.0000000000e+00 
1.6241835643e-07 2.2058474109e+04 1.1491385993e+00 0.0000000000e+00 
4.7415349755e-11 3.4775809558e+04 8.3608905203e-01 0.0000000000e+00 
1.2482603134e-07 4.4110145408e+04 8.4883251160e-01 0.0000000000e+00 
5.7558116035e-08 5.3873412669e+04 6.3864372535e-01 0.0000000000e+00 
1.0139218947e-07 3.6766768855e+04 5.6236211479e-01 0.0000000000e+00 
8.3497237796e-10 4.4688007362e+04 9.3142314999e-01 0.0000000000e+00 
6.6691046772e-11 1.2065434587e+04 1.3231996856e+00 0.0000000000e+00 
2.9320000000e-04 2.6401855897e+04 3.3050065593e-01 0.0000000000e+00 
3.4876817574e-08 5.1257023051e+04 8.1756196035e-01 0.0000000000e+00 
5.0162441866e-09 2.6070394795e+04 8.5923129884e-01 0.0000000000e+00 
4.2606058020e-09 4.3892526264e+04 1.2754726439e+00 0.0000000000e+00 
8.7278409090e-07 3.3398148916e+04 9.2499230309e-01 0.0000000000e+00 
2.3594233109e-09 4.6996127187e+04 1.0639140608e+00 0.0000000000e+00 
1.7758633215e-07 1.8812782103e+04 8.3119988399e-01 0.0000000000e+00 
4.6607210743e-07 2.5356558206e+04 7.4744895032e-01 0.0000000000e+00 
3.6045536168e-07 5.4892271178e+04 4.2788753935e-01 0.0000000000e+00 
8.1275646296e-10 5.2244028769e+04 6.0894074831e-01 0.0000000000e+00 
2.0947285772e-07 2.4023084614e+04 9.2456496462e-01 0.0000000000e+00 
1.5944522201e-08 2.2150660272e+04 4.7708084806e-01 0.0000000000e+00 
1.8019037572e-07 1.9150013523e+04 1.3643437957e+00 0.0000000000e+00 
8.3404763294e-09 4.7304403861e+04 9.7737092253e-01 0.0000000000e+00 
7.1408393686e-10 5.1099422416e+04 3.1924320034e-01 0.0000000000e+00 
6.8023573441e-07 3.6852361775e+04 4.6341543208e-01 0.0000000000e+00 
1.2829098009e-10 3.3137680037e+04 4.3343550590e-01 0.0000000000e+00 
2.9320000000e-04 5.9011399449e+04 1.1631153365e+00 0.0000000000e+00 
2.2120160058e-06 4.6684651583e+04 8.9671297621e-01 0.0000000000e+00 
5.1850644202e-09 4.9649902609e+04 6.5266350551e-01 0.0000000000e+00 
1.7403555374e-06 2.5259687596e+04 1.1718265962e+00 0.0000000000e+00 
6.0762899600e-09 4.7646694754e+04 8.2327969981e-01 0.0000000000e+00 
4.1384460522e-07 1.7579028983e+04 1.2151255405e+00 0.0000000000e+00 
2.4561041211e-07 2.6636631907e+04 7.2099043683e-02 0.0000000000e+00 
1.2045866618e-09 3.3803136819e+04 9.0018094765e-01 0.0000000000e+00 
4.4733535741e-09 2.2971290012e+04 4.7887976991e-01 0.0000000000e+00 
4.6658925633e-07 5.7401853410e+04 2.1596184748e-01 0.0000000000e+00 
4.4900128839e-08 4.4335895486e+04 7.0191532175e-01 0.0000000000e+00 
2.5286851126e-11 3.0257795506e+04 1.1472255247e+00 0.0000000000e+00 
6.4921751830e-10 5.3933500513e+04 1.0816471005e+00 0.0000000000e+00 
5.3128250201e-09 4.6545891568e+04 6.3947204025e-02 0.0000000000e+00 
2.8713302500e-08 5.6853259428e+04 5.4031775221e-01 0.0000000000e+00 
5.1141766768e-10 4.0080779487e+04 2.9397014321e-01 0.0000000000e+00 
1.1213376817e-07 1.7117385321e+04 2.0296391933e-01 0.0000000000e+00 
1.9481723919e-06 2.0382024221e+04 7.8296260126e-01 0.0000000000e+00 
4.0380501771e-09 3.6573406544e+04 1.1125848765e+00 0.0000000000e+00 
6.3433437865e-08 1.3059638185e+04 6.0713689729e-01 0.0000000000e+00 
3.7377962327e-11 3.3958331113e+04 1.1438304225e+00 0.0000000000e+00 
1.8667923917e-08 4.6002786052e+04 1.8165172364e-01 0.0000000000e+00 
1.8947790896e-10 5.0284148235e+04 1.4477386025e+00 0.0000000000e+00 
2.7394553134e-08 2.5787265556e+04 4.1031523862e-01 0.0000000000e+00 
1.3948415575e-10 1.4694932905e+04 4.2231783102e-01 0.0000000000e+00 
4.6511464162e-10 2.3587356841e+04 4.7641965968e-01 0.0000000000e+00 
1.1200633705e-05 2.8386947343e+04 1.3761497247e+00 0.0000000000e+00 
2.9320000000e-04 5.0641821720e+04 3.7268341972e-01 0.0000000000e+00 
2.0278563697e-10 4.5673843176e+04 8.4256443777e-01 0.0000000000e+00 
3.5778833082e-10 5.1347976029e+04 6.8362034415e-01 0.0000000000e+00 
4.5043606211e-07 2.8628195553e+04 1.4120126442e+00 0.0000000000e+00 
1.1620728580e-10 2.2693299319e+04 9.3342205059e-01 0.0000000000e+00 
1.3199908481e-09 4.2035040418e+04 3.8025006851e-01 0.0000000000e+00 
2.9320000000e-04 5.4916060848e+04 1.1473025041e+00 0.0000000000e+00 
1.7029154679e-06 4.9296379251e+04 4.0332904394e-01 0.0000000000e+00 
5.1492150664e-09 2.5606883630e+04 1.1360093238e+00 0.0000000000e+00 
2.9320000000e-04 1.4928586498e+04 3.1424502876e-01 0.0000000000e+00 
1.4118471395e-10 5.8108524508e+04 5.7403212495e-01 0.0000000000e+00 
1.1776955824e-04 3.3504167804e+04 1.1246021902e+00 0.0000000000e+00 
2.9320000000e-04 2.8814846581e+04 1.2415848402e-01 0.0000000000e+00 
1.8922840713e-10 3.2496507398e+04 8.4216373877e-02 0.0000000000e+00 
8.3089653191e-10 2.0628688732e+04 8.8078789901e-01 0.0000000000e+00 
9.1839048150e-11 1.8855398984e+04 1.0079597368e+00 0.0000000000e+00 
2.9320000000e-04 4.5671057143e+04 1.1690866224e+00 0.0000000000e+00 
3.1136915816e-11 4.9575943391e+04 8.3190570458e-01 0.0000000000e+00 
5.1265458483e-07 5.9536664559e+04 6.3683684824e-01 0.0000000000e+00 
1.7145626544e-07 4.0900873450e+04 6.4220343284e-01 0.0000000000e+00 
6.3381257300e-07 4.3713852173e+04 8.4981808361e-01 0.0000000000e+00 
1.1725620138e-07 2.9843057624e+04 5.9979193973e-01 0.0000000000e+00 
1.7112327638e-08 2.9015479572e+04 7.5574625659e-01 0.0000000000e+00 
1.3917506456e-09 2.9996850881e+04 5.4280729302e-01 0.0000000000e+00 
1.2485587113e-08 3.6504041122e+04 1.2250460377e+00 0.0000000000e+00 
2.9320000000e-04 3.9877001349e+04 1.0780129172e-01 0.0000000000e+00 
1.0983244472e-07 4.5503461225e+04 1.1008581692e+00 0.0000000000e+00 
1.2099441869e-10 1.4961379553e+04 6.8923654805e-01 0.0000000000e+00 
1.1456627131e-09 1.9823486665e+04 8.9079726612e-01 0.0000000000e+00 
7.8438080399e-10 4.8668712330e+04 7.1335103065e-01 0.0000000000e+00 
5.2023253856e-07 2.9293811943e+04 7.9984089984e-01 0.0000000000e+00 
2.0688269111e-09 4.6263702452e+04 7.7597470369e-01 0.0000000000e+00 
2.6344751201e-07 1.3442261144e+04 7.0801419454e-01 0.0000000000e+00 
1.3141937254e-10 4.4252528474e+04 8.6523321887e-01 0.0000000000e+00 
4.4993867451e-08 2.4227366567e+04 7.8333585509e-01 0.0000000000e+00 
1.4485803044e-08 2.4989228051e+04 2.3524698032e-01 0.0000000000e+00 
5.7436068903e-11 4.2138493088e+04 7.5375866733e-01 0.0000000000e+00 
7.3669548199e-08 5.6383630792e+04 3.8250491129e-01 0.0000000000e+00 
1.1029299538e-09 1.8647834656e+04 6.7640578189e-01 0.0000000000e+00 
7.5324552118e-09 4.4939532314e+04 7.7174835954e-01 0.0000000000e+00 
2.5828444758e-08 1.5889935814e+04 9.0235575312e-01 0.0000000000e+00 
7.5977463063e-09 1.8308601502e+04 8.7858385552e-01 0.0000000000e+00 
2.9320000000e-04 2.2605171662e+04 1.6920065767e-01 0.0000000000e+00 
9.0390954730e-10 5.8398482901e+04 1.4559134917e+00 0.0000000000e+00 
1.4210391216e-09 4.2992300080e+04 9.4520888778e-01 0.0000000000e+00 
3.5565388920e-09 4.8227821481e+04 1.2072884636e+00 0.0000000000e+00 
2.7565385737e-10 4.2979534863e+04 2.7927805496e-01 0.0000000000e+00 
3.9904115465e-05 4.7328926517e+04 2.1085477538e-01 0.0000000000e+00 
1.2982478179e-10 2.6332702589e+04 3.4474697150e-01 0.0000000000e+00 
1.0376953868e-06 1.4642354884e+04 9.1029452692e-01 0.0000000000e+00 
4.0401790719e-08 1.4059648788e+04 3.7027419296e-01 0.0000000000e+00 
4.1283302516e-08 5.3001717490e+04 6.0758394713e-01 0.0000000000e+00 
4.7572816422e-10 5.1996472824e+04 9.5451539415e-01 0.0000000000e+00 
9.6532586795e-09 2.4104241233e+04 1.1723193202e+00 0.0000000000e+00 
2.3337198015e-09 5.1882145466e+04 5.2585883492e-01 0.0000000000e+00 
6.8504308368e-11 4.3516618597e+04 1.1616890129e+00 0.0000000000e+00 
2.1177425401e-10 3.7612724997e+04 7.5990984801e-01 0.0000000000e+00 
9.1196961256e-10 1.2746502178e+04 8.2116606884e-01 0.0000000000e+00 
1.1085391054e-08 4.9052898415e+04 8.1117934447e-01 0.0000000000e+00 
1.0384072697e-09 2.8586779447e+04 8.8202726905e-01 0.0000000000e+00 
2.1605405873e-10 1.7131267937e+04 1.0148699042e+00 0.0000000000e+00 
1.1418773832e-09 5.8195707033e+04 1.3124966452e+00 0.0000000000e+00 
1.7841458418e-08 4.2850609177e+04 5.7585284425e-01 0.0000000000e+00 
1.1544825262e-09 5.1672908027e+04 7.1834374069e-01 0.0000000000e+00 
4.9453892473e-06 1.9931145848e+04 7.0781295092e-01 0.0000000000e+00 
7.1400020183e-09 4.9973832476e+04 7.7789768615e-01 0.0000000000e+00 
2.4112714644e-07 4.7747865770e+04 3.0001691539e-01 0.0000000000e+00 
3.5093083402e-10 2.0850736122e+04 1.0999809789e+00 0.0000000000e+00 
1.9533821668e-10 5.5478026782e+04 5.7445867532e-01 0.0000000000e+00 
1.9889060513e-10 4.7281696082e+04 1.2649681934e+00 0.0000000000e+00 
4.7915460366e-08 1.2714461894e+04 1.0158382812e-01 0.0000000000e+00 
3.7928250585e-09 3.4500788785e+04 1.4337888920e+00 0.0000000000e+00 
8.9370798079e-09 3.6993699523e+04 4.6379779548e-01 0.0000000000e+00 
3.8329772438e-09 3.5471084090e+04 1.0660044564e+00 0.0000000000e+00 
2.4717794077e-08 5.2630289108e+04 1.0639875792e+00 0.0000000000e+00 
1.6341388572e-08 3.4462228980e+04 5.7448870469e-01 0.0000000000e+00 
4.6463001124e-09 1.6466133693e+04 1.3096156976e+00 0.0000000000e+00 
1.7332647882e-08 3.4191834103e+04 7.0445158285e-01 0.0000000000e+00 
9.5711393724e-11 5.2348929022e+04 5.3005186119e-01 0.0000000000e+00 
4.9090417208e-08 2.2581239136e+04 7.0018267014e-01 0.0000000000e+00 
2.4465550969e-11 4.8638256814e+04 6.6825785180e-01 0.0000000000e+00 
3.9433749311e-11 4.9642434701e+04 7.9952928914e-01 0.0000000000e+00 
2.7565048439e-07 1.9958430603e+04 5.2835960136e-01 0.0000000000e+00 
4.1154757429e-10 1.9276452901e+04 1.3300074509e+00 0.0000000000e+00 
9.8873640582e-07 4.7077103627e+04 8.9829422258e-01 0.0000000000e+00 
1.5656656745e-10 2.3751771955e+04 1.1631651146e+00 0.0000000000e+00 
6.9485866761e-08 5.8795544664e+04 7.3104933649e-01 0.0000000000e+00 
1.3948516450e-10 2.4624845156e+04 4.7516224510e-01 0.0000000000e+00 
2.9320000000e-04 4.1265898921e+04 6.4090733029e-01 0.0000000000e+00 
1.4043997009e-10 4.5834767993e+04 1.1144839899e+00 0.0000000000e+00 
1.0661055143e-08 2.0035789355e+04 1.1393296503e+00 0.0000000000e+00 
6.8472316919e-09 4.5219951264e+04 1.0979232873e-01 0.0000000000e+00 
1.0436870607e-09 3.8367091295e+04 1.1816895524e+00 0.0000000000e+00 
3.6907058506e-07 5.6589812462e+04 6.8092296993e-01 0.0000000000e+00 
1.3436907871e-10 3.1723717866e+04 4.5850836687e-01 0.0000000000e+00 
6.1844833692e-09 2.9029371859e+04 1.1784702570e+00 0.0000000000e+00 
5.4789284856e-10 3.9230698015e+04 1.1579584582e+00 0.0000000000e+00 
1.5855240977e-06 4.4925857336e+04 8.4217248567e-01 0.0000000000e+00 
9.4118705612e-11 4.0391373405e+04 8.4036339841e-01 0.0000000000e+00 
4.2982652281e-10 4.2490311932e+04 4.8718685413e-01 0.0000000000e+00 
6.2384639196e-06 5.4227510002e+04 1.2981855713e+00 0.0000000000e+00 
1.1813414396e-07 5.0120652640e+04 1.3223044445e+00 0.0000000000e+00 
3.5976897060e-11 2.3590291007e+04 2.3766075453e-01 0.0000000000e+00 
1.9788216352e-09 2.8249319910e+04 9.7570453730e-01 0.0000000000e+00 
6.9626993307e-10 4.0100518792e+04 4.7722132604e-01 0.0000000000e+00 
1.4370096695e-09 5.0144841941e+04 7.1253883289e-01 0.0000000000e+00 
7.0892184306e-08 1.8265722521e+04 1.0186943317e+00 0.0000000000e+00 
4.3031600432e-09 1.5421762739e+04 1.4504017984e+00 0.0000000000e+00 
3.8309836908e-08 2.7576319740e+04 9.6283160588e-01 0.0000000000e+00 
1.2104608077e-06 3.0993690257e+04 9.5164700610e-01 0.0000000000e+00 
6.4957750264e-08 3.2555635572e+04 1.2901226767e+00 0.0000000000e+00 
2.0335926127e-10 4.3247506582e+04 8.8444113983e-01 0.0000000000e+00 
4.9317614799e-07 2.6230909254e+04 1.3153150097e+00 0.0000000000e+00 
2.5195316816e-06 4.7226811905e+04 8.9606413008e-01 0.0000000000e+00 
1.4521394051e-08 5.0781788048e+04 1.2038324298e+00 0.0000000000e+00 
6.1985242635e-09 2.5687572331e+04 8.9551386162e-01 0.0000000000e+00 
3.6242722516e-08 5.1142972725e+04 8.5874713210e-01 0.0000000000e+00 
4.9286244385e-09 5.7153556291e+04 1.0615722623e+00 0.0000000000e+00 
5.2718585794e-09 4.0099021534e+04 1.0531602187e+00 0.0000000000e+00 
3.0629370467e-09 1.1682860895e+04 9.0394866816e-01 0.0000000000e+00 
7.6130270850e-09 5.5024605543e+04 1.3176383288e+00 0.0000000000e+00 
2.7038297959e-08 2.9663576494e+04 5.5533367015e-01 0.0000000000e+00 
9.9308502509e-07 4.9207908891e+04 9.6172355827e-01 0.0000000000e+00 
4.0273214329e-10 4.0291165752e+04 9.6378314792e-01 0.0000000000e+00 
3.8505128962e-09 4.9839752957e+04 5.2320506580e-01 0.0000000000e+00 
6.3173368642e-08 1.6317585127e+04 1.1767937807e+00 0.0000000000e+00 
7.8964443951e-10 5.3566005618e+04 1.0509589269e+00 0.0000000000e+00 
8.2179095354e-08 5.8911812901e+04 1.3905053219e+00 0.0000000000e+00 
1.1110182843e-08 4.8996143796e+04 8.0977488945e-01 0.0000000000e+00 
6.1176452599e-10 3.0285698196e+04 3.9705798460e-01 0.0000000000e+00 
3.6864254903e-10 3.8899833891e+04 2.5029057850e-01 0.0000000000e+00 
4.1059095659e-08 1.5456515497e+04 1.1032807907e+00 0.0000000000e+00 
2.9740930174e-09 2.8753974542e+04 7.8694697883e-01 0.0000000000e+00 
8.2209436182e-11 2.0140705283e+04 9.1508117074e-01 0.0000000000e+00 
1.7647068481e-09 5.1492734494e+04 1.3019307012e+00 0.0000000000e+00 
5.1287399585e-08 4.9246085139e+04 1.4390442132e+00 0.0000000000e+00 
1.7508558754e-10 5.1797869530e+04 9.6387796538e-01 0.0000000000e+00 
3.8887143380e-08 2.2088531971e+04 1.1036852057e+00 0.0000000000e+00 
1.4212217976e-08 5.2836611907e+04 5.6415012705e-01 0.0000000000e+00 
5.8809627787e-11 2.1177549136e+04 5.1316933886e-01 0.0000000000e+00 
1.0275300227e-08 5.6098475032e+04 6.1757343293e-01 0.0000000000e+00 
7.4664775387e-11 2.9114501774e+04 7.4381735288e-01 0.0000000000e+00 
1.2008647060e-08 2.6085325114e+04 7.4783336899e-01 0.0000000000e+00 
1.3292558452e-08 3.0771705759e+04 8.5734899475e-01 0.0000000000e+00 
1.3058735681e-05 4.4534486541e+04 7.8697294663e-01 0.0000000000e+00 
9.0895837330e-08 5.8944363200e+04 1.4498622666e+00 0.0000000000e+00 
1.8886687936e-10 2.8820971922e+04 9.9934380617e-01 0.0000000000e+00 
1.6325914834e-08 5.6069107655e+04 1.3799630740e+00 0.0000000000e+00 
5.7351072392e-05 4.6662135218e+04 7.2306566853e-01 0.0000000000e+00 
2.4412234926e-08 4.1100256505e+04 9.3918836419e-01 0.0000000000e+00 
1.9045219726e-08 3.3512005820e+04 2.6050114367e-01 0.0000000000e+00 
1.2759215101e-09 5.9134959540e+04 7.4255823723e-01 0.0000000000e+00 
1.1501559524e-07 1.3091150793e+04 9.0778175316e-01 0.0000000000e+00 
6.7831373999e-10 1.5488042644e+04 1.3103547568e+00 0.0000000000e+00 
8.3969824865e-10 3.7781625851e+04 1.0987741501e+00 0.0000000000e+00 
2.6147032667e-09 4.3535193744e+04 1.1142474708e+00 0.0000000000e+00 
2.8034239395e-10 4.6171641193e+04 1.3233773205e+00 0.0000000000e+00 
1.1644824642e-09 5.8446187360e+04 2.9861827386e-01 0.0000000000e+00 
2.2490336611e-06 1.9802252706e+04 1.4333182757e+00 0.0000000000e+00 
1.5178655510e-09 3.2038241729e+04 8.3810417000e-01 0.0000000000e+00 
1.8154869191e-08 2.6748169896e+04 7.8764625008e-01 0.0000000000e+00 
4.2118152432e-10 4.0827732039e+04 1.2845340948e+00 0.0000000000e+00 
3.3121199271e-08 3.7266742687e+04 8.2868614135e-01 0.0000000000e+00 
5.6394930008e-09 3.9001186602e+04 1.2050921092e+00 0.0000000000e+00 
8.5375040039e-10 1.9531729745e+04 6.7109168664e-01 0.0000000000e+00 
2.7604313143e-08 1.3385070401e+04 8.2467781435e-01 0.0000000000e+00 
1.3284231991e-08 5.3118001609e+04 6.0130285333e-01 0.0000000000e+00 
1.3842216846e-09 1.6341326612e+04 9.8227818691e-01 0.0000000000e+00 
8.9676137951e-08 5.8890563818e+04 1.4904794796e+00 0.0000000000e+00 
9.0190819809e-11 3.4742113650e+04 5.3188669922e-01 0.0000000000e+00 
5.1575282652e-09 1.2115175619e+04 4.6078017807e-01 0.0000000000e+00 
1.6820232850e-09 2.8054937827e+04 4.6921616283e-01 0.0000000000e+00 
2.5100482793e-09 1.8732381979e+04 6.2439687775e-01 0.0000000000e+00 
6.6377327288e-07 4.5933425649e+04 7.2734765645e-01 0.0000000000e+00 
8.4815056122e-07 5.3991776851e+04 1.0349247535e+00 0.0000000000e+00 
1.0809386735e-08 5.4947632140e+04 1.4034588633e-01 0.0000000000e+00 
1.9248539818e-09 2.3665230175e+04 9.4993097047e-01 0.0000000000e+00 
5.4649640686e-10 4.4064379197e+04 8.0956773979e-01 0.0000000000e+00 
2.4251513507e-08 5.8893563685e+04 6.4034026023e-01 0.0000000000e+00 
9.2327291510e-09 1.5436306915e+04 5.7811867191e-01 0.0000000000e+00 
4.2630205087e-10 3.8290719192e+04 1.2942095033e+00 0.0000000000e+00 
1.9254115551e-07 5.6817977128e+04 1.2903829086e+00 0.0000000000e+00 
7.0337310138e-07 5.5764962808e+04 1.3077672227e+00 0.0000000000e+00 
2.3906341179e-08 2.4132470585e+04 1.0737387644e+00 0.0000000000e+00 
9.1145746599e-11 5.9308682074e+04 9.5394220225e-01 0.0000000000e+00 
1.3068134652e-09 1.6560622391e+04 7.0299719602e-01 0.0000000000e+00 
9.6315779456e-06 1.8000706363e+04 2.1766535897e-01 0.0000000000e+00 
4.3887460752e-10 3.8207601370e+04 4.5382006780e-01 0.0000000000e+00 
1.4245183663e-07 5.2083026364e+04 1.3094713984e+00 0.0000000000e+00 
4.4727539129e-06 1.7809000658e+04 4.9830234919e-01 0.0000000000e+00 
1.0004408453e-06 5.8379203501e+04 7.4321183732e-01 0.0000000000e+00 
1.3043482330e-06 3.6228666802e+04 7.0570067916e-01 0.0000000000e+00 
1.9275297444e-08 5.5483396706e+04 8.1454909241e-01 0.0000000000e+00 
2.1690594724e-07 2.1964308189e+04 1.1565003964e+00 0.0000000000e+00 
6.7316689486e-07 4.3326096194e+04 1.3212406591e+00 0.0000000000e+00 
2.7098440156e-07 3.1091318559e+04 1.4503446132e+00 0.0000000000e+00 
2.7238890193e-09 3.0764735554e+04 1.3927082433e+00 0.0000000000e+00 
2.8541589844e-09 2.3115573710e+04 6.1189378559e-01 0.0000000000e+00 
2.9664998966e-09 1.5430486323e+04 1.2289382255e+00 0.0000000000e+00 
1.9205579236e-08 2.8304346420e+04 4.2435061552e-01 0.0000000000e+00 
3.5160584524e-11 5.4933246240e+04 9.0787610840e-01 0.0000000000e+00 
3.9507514395e-06 2.0682066172e+04 8.8599138208e-01 0.0000000000e+00 
1.1440578354e-09 3.5042528350e+04 1.4049274087e-01 0.0000000000e+00 
2.7454985901e-10 3.1046976856e+04 4.9985570581e-01 0.0000000000e+00 
1.2202768935e-08 3.0559829999e+04 1.5337086214e+00 0.0000000000e+00 
8.4071509105e-06 4.6094178938e+04 1.1758069172e+00 0.0000000000e+00 
1.4223546293e-09 5.8118441122e+04 7.9116676196e-01 0.0000000000e+00 
3.7113586733e-06 3.0682287866e+04 8.5418582157e-01 0.0000000000e+00 
5.1133824653e-06 2.2523980960e+04 5.4765268472e-01 0.0000000000e+00 
3.5576908151e-10 2.2098647648e+04 8.2677210202e-01 0.0000000000e+00 
1.0182748857e-08 5.7485426546e+04 7.3061701209e-01 0.0000000000e+00 
3.0251305935e-11 5.0361692250e+04 1.2591561776e+00 0.0000000000e+00 
3.3752363134e-10 1.3335638639e+04 3.6763133587e-01 0.0000000000e+00 
1.2034706963e-10 3.2866158701e+04 8.8835577034e-01 0.0000000000e+00 
2.5689311266e-08 5.3300450896e+04 9.9357795175e-01 0.0000000000e+00 
4.1155845435e-08 4.3510966588e+04 1.0268938792e-01 0.0000000000e+00 
1.2688747323e-09 2.3538457415e+04 1.3058663603e+00 0.0000000000e+00 
2.5605650367e-08 2.2085145763e+04 1.8334604574e-01 0.0000000000e+00 
1.2268087430e-09 5.7728226544e+04 1.2406264184e+00 0.0000000000e+00 
1.4983339637e-08 2.2722392675e+04 2.8803497191e-01 0.0000000000e+00 
1.9455392742e-07 4.0224042245e+04 7.3639654560e-01 0.0000000000e+00 
3.5194923324e-08 1.6475661940e+04 1.3360359474e+00 0.0000000000e+00 
4.8912825623e-07 1.6182783871e+04 1.1739325437e+00 0.0000000000e+00 
1.0404131682e-10 1.3479109882e+04 9.9982470862e-01 0.0000000000e+00 
5.6567156109e-11 5.0373465498e+04 1.4016351215e+00 0.0000000000e+00 
5.2727340060e-07 3.0139615083e+04 8.5248369764e-01 0.0000000000e+00 
9.5874051780e-10 2.1731551804e+04 8.4839322432e-01 0.0000000000e+00 
8.0205393135e-09 5.2262434005e+04 2.6240187286e-01 0.0000000000e+00 
3.8512933391e-09 5.6623273984e+04 4.7130556866e-01 0.0000000000e+00 
5.2293801213e-09 5.0474712244e+04 1.2138651422e+00 0.0000000000e+00 
3.2686642616e-07 3.3300258483e+04 4.8900226270e-01 0.0000000000e+00 
7.6486889423e-05 3.6996546311e+04 6.9961070492e-01 0.0000000000e+00 
6.2086073327e-10 3.4836280689e+04 8.9974788875e-01 0.0000000000e+00 
6.8698986650e-10 1.5644824746e+04 1.2684712975e+00 0.0000000000e+00 
1.9317295921e-09 5.9735840846e+04 7.3304879648e-01 0.0000000000e+00 
1.2417597453e-09 2.6023093663e+04 1.2363443154e+00 0.0000000000e+00 
1.1988212770e-10 3.0015309335e+04 1.1056355195e+00 0.0000000000e+00 
3.2821159536e-09 1.9165467655e+04 8.7115510693e-01 0.0000000000e+00 
5.0865707526e-11 5.2504030838e+04 6.3839914116e-01 0.0000000000e+00 
9.8067713720e-06 4.9507373869e+04 4.6506054759e-01 0.0000000000e+00 
1.1104932435e-09 3.9400318350e+04 9.6552243849e-02 0.0000000000e+00 
2.3018329521e-08 5.7224463656e+04 5.5326826226e-01 0.0000000000e+00 
5.2823583684e-09 5.6017846109e+04 1.1319459334e+00 0.0000000000e+00 
1.3612741081e-10 3.9759136267e+04 1.1963185672e+00 0.0000000000e+00 
1.0673796312e-06 1.7065045959e+04 7.8684884268e-01 0.0000000000e+00 
3.0391592214e-08 3.3610879638e+04 1.0342294410e+00 0.0000000000e+00 
1.3498538610e-10 3.0056171337e+04 9.8974758694e-01 0.0000000000e+00 
5.4065311734e-10 5.8164888380e+04 5.4799477065e-01 0.0000000000e+00 
1.1948071338e-10 2.7950828892e+04 1.0572611384e+00 0.0000000000e+00 
3.2506170141e-11 1.5413354208e+04 1.0271544474e+00 0.0000000000e+00 
2.7235811608e-08 4.2644775691e+04 8.4447414963e-01 0.0000000000e+00 
7.8527748880e-11 4.1978651732e+04 8.1322974589e-01 0.0000000000e+00 
1.2097658675e-07 3.5205414847e+04 1.0247975485e+00 0.0000000000e+00 
3.7448824334e-07 4.0645830683e+04 1.3667940481e+00 0.0000000000e+00 
1.4821104369e-10 1.8058683591e+04 1.0370002296e+00 0.0000000000e+00 
2.1284282233e-04 3.8731977290e+04 7.2542509335e-01 0.0000000000e+00 
5.2279935080e-11 5.6877930454e+04 1.1325586714e+00 0.0000000000e+00 
3.5066248865e-06 5.4398638601e+04 5.0907064256e-01 0.0000000000e+00 
1.2620690007e-06 5.0149249209e+04 5.8981767941e-01 0.0000000000e+00 
7.0544869907e-10 4.2752397367e+04 7.8612195223e-01 0.0000000000e+00 
4.9352830379e-08 3.3770840252e+04 3.6879960280e-01 0.0000000000e+00 
8.4205883744e-10 5.6353047600e+04 1.3783604248e+00 0.0000000000e+00 
7.7509225378e-10 2.7911535186e+04 2.6504131288e-01 0.0000000000e+00 
5.5489314713e-09 4.8244837243e+04 4.1587175243e-01 0.0000000000e+00 
4.2345727589e-07 3.1244341351e+04 1.2712132854e+00 0.0000000000e+00 
3.3381846208e-09 4.6163599898e+04 7.3256430318e-01 0.0000000000e+00 
1.0173072256e-08 2.2157948462e+04 4.9147169133e-01 0.0000000000e+00 
7.7068301753e-08 3.4110943414e+04 5.7956893902e-01 0.0000000000e+00 
7.2761916722e-10 1.5275811962e+04 7.0696781376e-01 0.0000000000e+00 
1.7121115786e-08 4.4455260106e+04 3.9939805373e-01 0.0000000000e+00 
9.9122710467e-10 1.4961991632e+04 5.0703809237e-01 0.0000000000e+00 
7.7509946341e-09 5.8960971376e+04 7.5014889044e-01 0.0000000000e+00 
6.1431883633e-09 5.8973320320e+04 9.5804109902e-01 0.0000000000e+00 
1.1223544558e-09 2.6647833538e+04 7.8444976590e-01 0.0000000000e+00 
1.9838086045e-10 4.4159387453e+04 1.3713080932e+00 0.0000000000e+00 
2.4838001458e-09 2.8477651296e+04 1.3153300175e+00 0.0000000000e+00 
1.0387733382e-08 3.0637304596e+04 6.0214427872e-01 0.0000000000e+00 
2.4886655263e-08 4.9031251482e+04 8.9607329567e-01 0.0000000000e+00 
7.2092893481e-10 5.4672638727e+04 1.2910270784e+00 0.0000000000e+00 
2.0124341592e-09 2.0883639014e+04 1.3535544734e+00 0.0000000000e+00 
2.9829721817e-09 3.4666389478e+04 7.1230398756e-01 0.0000000000e+00 
1.7429136743e-09 3.6406174477e+04 2.6966606019e-01 0.0000000000e+00 
8.4322847663e-11 5.5610190109e+04 1.4012212423e+00 0.0000000000e+00 
6.2668055314e-07 5.1344801222e+04 9.6878729834e-01 0.0000000000e+00 
2.7551056299e-08 5.3798226733e+04 7.5281631637e-01 0.0000000000e+00 
3.7903119985e-10 5.4643228499e+04 5.5869323397e-01 0.0000000000e+00 
4.7152270791e-05 5.5823500620e+04 6.7900534308e-01 0.0000000000e+00 
4.5130782637e-10 1.8770249949e+04 9.8928782770e-01 0.0000000000e+00 
2.9320000000e-04 1.2112507997e+04 1.1902330814e+00 0.0000000000e+00 
1.0192672016e-08 5.6792117095e+04 8.0162243716e-01 0.0000000000e+00 
4.0941909755e-10 1.9759922405e+04 2.7594680199e-01 0.0000000000e+00 
6.5443200496e-11 5.8164419392e+04 9.5142481644e-01 0.0000000000e+00 
2.7523173824e-09 3.0934977508e+04 6.5529542015e-01 0.0000000000e+00 
1.6472860581e-06 3.7276703610e+04 1.3553743860e+00 0.0000000000e+00 
2.0890589166e-07 1.8076026780e+04 4.2297933470e-01 0.0000000000e+00 
2.9640142743e-10 4.6600647870e+04 1.2924949038e+00 0.0000000000e+00 
2.2259044865e-08 5.8128759627e+04 5.6517693679e-01 0.0000000000e+00 
2.1155545163e-07 4.6103641836e+04 8.7202032168e-01 0.0000000000e+00 
2.9320000000e-04 2.5508130264e+04 8.0418262323e-01 0.0000000000e+00 
2.0404837921e-09 2.2713589103e+04 8.8246054790e-01 0.0000000000e+00 
1.4361896001e-09 2.5396391846e+04 7.7066633156e-01 0.0000000000e+00 
1.5494262494e-07 5.1429590814e+04 7.9011382587e-01 0.0000000000e+00 
9.4354268955e-11 3.7843659555e+04 2.1420784118e-01 0.0000000000e+00 
2.9320000000e-04 1.4138669645e+04 6.8537684297e-01 0.0000000000e+00 
9.4086108541e-07 3.6619902545e+04 3.5797827137e-01 0.0000000000e+00 
8.2054348940e-07 5.6884827453e+04 3.6754621976e-02 0.0000000000e+00 
4.4398692793e-09 4.6597483438e+04 1.0171112104e+00 0.0000000000e+00 
4.1988534536e-09 2.2154380796e+04 1.0045108741e+00 0.0000000000e+00 
3.9039423358e-10 2.4408653080e+04 1.0456744563e+00 0.0000000000e+00 
8.0396435267e-11 1.2908291568e+04 6.2394282494e-01 0.0000000000e+00 
5.3625426902e-08 4.6973029797e+04 3.2289473090e-01 0.0000000000e+00 
2.8333802275e-10 5.6285628103e+04 1.1237565927e+00 0.0000000000e+00 
2.7593796074e-05 3.9405767375e+04 1.5288808191e-01 0.0000000000e+00 
6.6868403755e-11 1.4685097071e+04 5.1092389794e-01 0.0000000000e+00 
1.6109605439e-05 2.7106222014e+04 4.5741958056e-01 0.0000000000e+00 
3.2784141167e-09 5.9945687276e+04 9.3436407235e-01 0.0000000000e+00 
2.0636641613e-10 4.8759074811e+04 1.0630690919e+00 0.0000000000e+00 
1.5421284453e-10 3.5305385284e+04 3.6574734561e-01 0.0000000000e+00 
6.4653703943e-10 1.8352494138e+04 1.0888516260e+00 0.0000000000e+00 
1.3568554473e-09 2.5764733545e+04 6.5552584480e-01 0.0000000000e+00 
3.3018143738e-09 2.9531695362e+04 9.9024460419e-01 0.0000000000e+00 
5.8542389625e-08 4.4384288046e+04 1.0984927717e+00 0.0000000000e+00 
2.6009213606e-10 2.4118409952e+04 4.3567164804e-01 0.0000000000e+00 
4.5880519138e-09 4.3802936260e+04 4.9002514674e-01 0.0000000000e+00 
3.8456981284e-06 1.9866470653e+04 3.3888979596e-01 0.0000000000e+00 
2.4086958668e-08 4.7533174563e+04 8.3293808481e-01 0.0000000000e+00 
1.0218790192e-07 3.1760319930e+04 1.2598123020e+00 0.0000000000e+00 
3.9512147575e-09 2.3759111844e+04 7.8998057759e-01 0.0000000000e+00 
1.2545436134e-07 5.9260765645e+04 1.1858133557e+00 0.0000000000e+00 
4.9421380010e-09 5.0410942418e+04 5.5792610131e-01 0.0000000000e+00 
1.6839669639e-08 5.7133052872e+04 5.0954735983e-01 0.0000000000e+00 
5.6457793689e-08 4.9368915433e+04 2.0587929633e-01 0.0000000000e+00 
3.9749274474e-11 5.1533899264e+04 1.0935612306e+00 0.0000000000e+00 
2.8221354744e-09 4.1514994492e+04 4.3353801590e-01 0.0000000000e+00 
2.9320000000e-04 2.5760816432e+04 7.3069222806e-01 0.0000000000e+00 
2.5576433450e-09 2.1915825729e+04 1.0205758969e+00 0.0000000000e+00 
7.0371095272e-09 4.1297958810e+04 1.3075702630e+00 0.0000000000e+00 
2.9320000000e-04 5.1740277700e+04 1.9515145316e-01 0.0000000000e+00 
6.1136128692e-06 3.7483920506e+04 7.2391739715e-01 0.0000000000e+00 
5.3923571206e-09 1.6272043170e+04 4.8892202111e-02 0.0000000000e+00 
5.3916750827e-08 5.0827937814e+04 9.0434373748e-01 0.0000000000e+00 
3.7907429503e-11 5.6493608030e+04 9.7706862935e-01 0.0000000000e+00 
5.0047884620e-11 5.3786596019e+04 1.2976826561e+00 0.0000000000e+00 
6.4217473718e-09 3.8112329145e+04 1.5538733248e-01 0.0000000000e+00 
5.8755673646e-10 1.5572172716e+04 5.0831631449e-01 0.0000000000e+00 
2.2312707602e-09 5.8101196910e+04 4.6107971052e-01 0.0000000000e+00 
1.2792190093e-09 2.2143993969e+04 3.4506052786e-01 0.0000000000e+00 
2.6842140767e-08 5.1329506947e+04 5.6290241336e-01 0.0000000000e+00 
5.3438753968e-07 4.8467213628e+04 6.6340875169e-01 0.0000000000e+00 
1.9524053834e-07 3.2110705620e+04 9.1188104003e-01 0.0000000000e+00 
1.1470117166e-07 5.4737297892e+04 1.1547676555e+00 0.0000000000e+00 
5.2774394594e-10 3.5671549469e+04 5.6380623807e-01 0.0000000000e+00 
5.6926357262e-08 2.4650519545e+04 1.1638325379e+00 0.0000000000e+00 
2.7754949583e-08 4.8725301751e+04 4.3473678646e-01 0.0000000000e+00 
2.0627326768e-08 1.7852758871e+04 1.1427798960e+00 0.0000000000e+00 
1.2637926255e-10 5.7928250162e+04 6.2946250167e-01 0.0000000000e+00 
5.0326292092e-10 3.7895961957e+04 1.3269354160e+00 0.0000000000e+00 
1.5066189694e-08 5.0872804665e+04 1.2354256256e+00 0.0000000000e+00 
1.2687196444e-07 1.3099247371e+04 7.8230686619e-01 0.0000000000e+00 
1.9779825829e-06 5.3047670965e+04 9.4100592267e-01 0.0000000000e+00 
1.2744231484e-08 1.9194412311e+04 8.7218302696e-01 0.0000000000e+00 
4.3728952656e-05 4.8105140776e+04 9.1122359715e-01 0.0000000000e+00 
1.2068532824e-04 1.8160689078e+04 9.2194882397e-01 0.0000000000e+00 
1.9164052078e-09 4.8566106794e+04 9.4235273502e-01 0.0000000000e+00 
2.3830950520e-09 4.5337324294e+04 8.4592509355e-01 0.0000000000e+00 
2.9320000000e-04 5.4352087286e+04 8.1321287317e-01 0.0000000000e+00 
1.6675070021e-06 1.3635224157e+04 1.1632199582e+00 0.0000000000e+00 
2.6979653891e-05 5.7473610953e+04 7.3166030799e-01 0.0000000000e+00 
3.6033826557e-09 3.5223973316e+04 1.6048524820e-01 0.0000000000e+00 
1.8414095431e-09 4.3627282906e+04 1.4392582781e+00 0.0000000000e+00 
9.2672085303e-10 1.1314816120e+04 7.1772217085e-01 0.0000000000e+00 
2.9320000000e-04 1.6375171638e+04 2.4829063977e-01 0.0000000000e+00 
2.9320000000e-04 3.5299856752e+04 1.0102634020e+00 0.0000000000e+00 
7.4433696249e-11 2.7957920770e+04 1.2133696621e+00 0.0000000000e+00 
8.5318278819e-09 4.4210939323e+04 1.0645580332e+00 0.0000000000e+00 
8.8835626270e-10 1.8075276549e+04 2.9216584628e-01 0.0000000000e+00 
7.7525375491e-09 5.9076779951e+04 5.5888188682e-01 0.0000000000e+00 
1.0593615287e-09 3.8235492791e+04 5.8153990979e-01 0.0000000000e+00 
2.4529883580e-10 2.3809605066e+04 1.0679799345e+00 0.0000000000e+00 
1.4131340114e-10 4.6053434606e+04 9.9415271148e-01 0.0000000000e+00 
1.6068593265e-08 1.8837523853e+04 1.2485182114e+00 0.0000000000e+00 
7.6177248560e-10 3.3244143739e+04 6.6807166495e-01 0.0000000000e+00 
1.3737801628e-10 3.5215169712e+04 6.8964938689e-01 0.0000000000e+00 
5.1629870967e-06 4.8449929086e+04 1.0489672337e+00 0.0000000000e+00 
5.5664612838e-11 5.0792800076e+04 5.0883625220e-01 0.0000000000e+00 
3.0516180672e-07 1.1475810093e+04 1.1238159310e+00 0.0000000000e+00 
1.4227511349e-05 1.8977703657e+04 1.6421045100e-01 0.0000000000e+00 
1.7933450632e-07 5.0023650932e+04 9.9058508362e-01 0.0000000000e+00 
8.2206759732e-09 4.7493628706e+04 4.7984623259e-01 0.0000000000e+00 
8.8387618467e-08 5.7850265829e+04 1.2045653677e+00 0.0000000000e+00 
7.7843143299e-10 1.8669566946e+04 1.0201200228e+00 0.0000000000e+00 
3.3969575342e-09 2.4308887059e+04 9.8547777262e-01 0.0000000000e+00 
2.8727766027e-08 4.9226810037e+04 5.9998295580e-01 0.0000000000e+00 
8.5439838535e-10 1.3990184724e+04 1.0527045445e+00 0.0000000000e+00 
4.8166765287e-10 4.5031764659e+04 5.6073518003e-01 0.0000000000e+00 
2.5453143311e-09 1.5652194622e+04 2.3972673761e-02 0.0000000000e+00 
1.5739984138e-07 5.7530924252e+04 7.6213026119e-01 0.0000000000e+00 
1.9117358838e-10 4.1950747614e+04 1.9018061034e-01 0.0000000000e+00 
9.4379866721e-11 5.7469064515e+04 5.7235954346e-01 0.0000000000e+00 
2.5893445067e-10 4.0339063053e+04 9.0833708111e-01 0.0000000000e+00 
3.7953774563e-08 3.6426781415e+04 6.5963583612e-01 0.0000000000e+00 
7.7250765290e-10 4.8268297789e+04 4.0851952351e-01 0.0000000000e+00 
3.4613872661e-07 2.1374416812e+04 1.3185937300e+00 0.0000000000e+00 
3.2698143947e-11 2.4155930315e+04 6.3877065803e-01 0.0000000000e+00 
1.9156884712e-08 1.4833837499e+04 1.1387315941e+00 0.0000000000e+00 
3.3026324194e-09 3.3886325967e+04 1.2777355999e+00 0.0000000000e+00 
8.7001490584e-05 1.9181477063e+04 9.1595364305e-01 0.0000000000e+00 
8.2027389303e-09 3.0662454893e+04 8.9094092054e-01 0.0000000000e+00 
3.2175760329e-07 3.8365328546e+04 6.2854363923e-01 0.0000000000e+00 
6.5785703649e-05 4.3540535224e+04 9.5320483286e-01 0.0000000000e+00 
1.6538745473e-09 2.1770119068e+04 1.0412964380e+00 0.0000000000e+00 
2.9320000000e-04 5.6933654653e+04 9.7933389495e-01 0.0000000000e+00 
4.1531086822e-09 1.1268599838e+04 1.4218303155e+00 0.0000000000e+00 
2.2743226193e-08 4.3671700851e+04 4.5745780603e-01 0.0000000000e+00 
1.2541232270e-09 5.6563826094e+04 5.8135828452e-01 0.0000000000e+00 
2.4971183534e-09 5.4238779100e+04 8.6281540944e-01 0.0000000000e+00 
1.8249989415e-08 3.4484490609e+04 8.6439677102e-01 0.0000000000e+00 
2.4427731133e-11 4.4803542383e+04 9.6552511671e-01 0.0000000000e+00 
2.4324229782e-08 2.8337511753e+04 6.6251628832e-01 0.0000000000e+00 
5.4644587709e-06 5.7850600268e+04 3.2386278597e-01 0.0000000000e+00 
4.8202835550e-09 3.2069826531e+04 1.0638602281e+00 0.0000000000e+00 
7.4568597196e-09 5.7510868063e+04 8.3751102445e-01 0.0000000000e+00 
6.1245319010e-10 3.4260577001e+04 1.0077211220e+00 0.0000000000e+00 
1.5034805878e-10 3.2468296020e+04 6.3004685760e-01 0.0000000000e+00 
4.5485370960e-10 3.9510477210e+04 1.2864635074e+00 0.0000000000e+00 
6.7575993890e-10 3.7840812994e+04 1.2130912711e+00 0.0000000000e+00 
1.9728162187e-08 4.9135380036e+04 1.1519719531e+00 0.0000000000e+00 
1.1460790396e-06 5.2908732479e+04 1.2576687157e+00 0.0000000000e+00 
3.0152609412e-08 3.9183931332e+04 4.9014336869e-01 0.0000000000e+00 
8.2325467257e-10 1.7764813502e+04 2.8182850529e-01 0.0000000000e+00 
1.4736867187e-09 4.0889848073e+04 8.2308324109e-01 0.0000000000e+00 
2.0833359568e-10 1.9776150973e+04 7.8159393666e-01 0.0000000000e+00 
5.1548965222e-09 3.8377984569e+04 8.9693872806e-01 0.0000000000e+00 
5.0524320569e-10 4.6770026749e+04 7.8979438902e-01 0.0000000000e+00 
3.6839950205e-09 4.2797438748e+04 1.0315742161e+00 0.0000000000e+00 
1.7718897214e-09 2.9887926258e+04 6.5572939978e-01 0.0000000000e+00 
6.1519116434e-09 1.8288186512e+04 8.5441799934e-01 0.0000000000e+00 
3.7286313684e-09 5.8220996671e+04 6.5278876007e-01 0.0000000000e+00 
4.6156259618e-10 3.2025154516e+04 1.1426569857e+00 0.0000000000e+00 
5.8522367624e-06 3.8772877450e+04 8.1608032497e-01 0.0000000000e+00 
5.0505416750e-11 5.3113296184e+04 1.4327636829e+00 0.0000000000e+00 
1.9091553651e-06 1.9173147222e+04 5.4007138729e-01 0.0000000000e+00 
4.2791720520e-08 2.5297068031e+04 5.3234551927e-01 0.0000000000e+00 
2.3959891983e-10 2.8172033790e+04 9.7710272600e-01 0.0000000000e+00 
1.2774518492e-10 3.2285472654e+04 8.4407549632e-01 0.0000000000e+00 
4.1115750927e-09 4.0565475633e+04 9.5531767599e-01 0.0000000000e+00 
2.9320000000e-04 4.8214645810e+04 7.7486131889e-01 0.0000000000e+00 
3.3745575985e-11 5.9675914398e+04 7.8059358945e-01 0.0000000000e+00 
6.3119437827e-09 3.4241355084e+04 7.8897853885e-01 0.0000000000e+00 
1.9440748636e-05 2.7273828582e+04 2.2815156381e-01 0.0000000000e+00 
5.7704154852e-08 3.5319398846e+04 7.5131611207e-01 0.0000000000e+00 
3.3883110793e-08 4.3859908772e+04 9.3695375227e-01 0.0000000000e+00 
5.4325243120e-08 4.1951524792e+04 9.9709470940e-01 0.0000000000e+00 
9.4330048291e-11 3.8939797266e+04 1.1906734950e+00 0.0000000000e+00 
2.8130666834e-10 3.7597659499e+04 1.9946913952e-01 0.0000000000e+00 
3.2617042474e-08 3.8889263955e+04 9.6818905204e-01 0.0000000000e+00 
1.5702410081e-08 3.8503761575e+04 1.8939051643e-01 0.0000000000e+00 
6.5476846367e-07 5.8559489249e+04 1.0153247285e+00 0.0000000000e+00 
5.3025414317e-09 3.0519351493e+04 1.4573380801e+00 0.0000000000e+00 
4.4943206459e-08 3.0855692078e+04 1.8097891536e-01 0.0000000000e+00 
2.3118752943e-08 3.0194565337e+04 1.2394005557e+00 0.0000000000e+00 
2.7424061632e-09 2.3830403351e+04 6.5730962328e-01 0.0000000000e+00 
4.6289288053e-10 4.3342001218e+04 4.7675054512e-01 0.0000000000e+00 
2.5592413899e-09 2.9254770999e+04 5.5728473013e-01 0.0000000000e+00 
3.0288711791e-11 4.7112488479e+04 6.2326363127e-01 0.0000000000e+00 
5.0016393892e-11 3.2874583226e+04 2.1546648946e-01 0.0000000000e+00 
2.3334767865e-10 3.9918323621e+04 1.5175120002e+00 0.0000000000e+00 
3.6436249790e-06 1.8973332905e+04 1.3690076901e+00 0.0000000000e+00 
8.6078067272e-10 5.2218973359e+04 1.0637774543e+00 0.0000000000e+00 
1.3166757983e-10 3.6855913626e+04 1.1117674605e+00 0.0000000000e+00 
2.2074613417e-10 1.5495628660e+04 8.8625440457e-01 0.0000000000e+00 
1.1236377436e-08 1.5971779414e+04 8.3294130612e-01 0.0000000000e+00 
1.0474997312e-05 1.3717893600e+04 3.1942921234e-01 0.0000000000e+00 
2.8818567457e-09 1.8407185092e+04 9.0054754229e-01 0.0000000000e+00 
7.3373335518e-10 3.9538632121e+04 5.5385017426e-01 0.0000000000e+00 
3.8684231080e-11 3.2936913126e+04 4.8526093572e-01 0.0000000000e+00 
7.3009773279e-06 3.4500499959e+04 9.7494026770e-01 0.0000000000e+00 
1.0775991019e-10 5.6660618175e+04 8.0210436436e-01 0.0000000000e+00 
5.2992613050e-06 3.2023301077e+04 1.3607651723e-01 0.0000000000e+00 
1.8931664625e-09 3.0562830942e+04 2.7738544870e-01 0.0000000000e+00 
4.3630095389e-08 3.9860496925e+04 6.6859112663e-01 0.0000000000e+00 
1.0658740163e-09 5.4910311569e+04 6.8613978777e-01 0.0000000000e+00 
2.0373082778e-09 5.5134080445e+04 1.1954337235e+00 0.0000000000e+00 
1.3860821419e-07 4.3255063169e+04 7.0917515453e-01 0.0000000000e+00 
2.7978097241e-08 2.8093781895e+04 1.0148163404e+00 0.0000000000e+00 
5.1318665912e-05 1.9378332977e+04 5.8285316715e-01 0.0000000000e+00 
7.8021994960e-10 1.2473877052e+04 1.3670667076e-01 0.0000000000e+00 
3.4974110713e-08 3.1569183559e+04 6.8754550112e-01 0.0000000000e+00 
6.0107844779e-09 3.7620393348e+04 3.7431514785e-01 0.0000000000e+00 
1.3579273800e-09 1.3791560804e+04 4.8690242369e-01 0.0000000000e+00 
1.1291976572e-07 4.1726757241e+04 5.7643280179e-01 0.0000000000e+00 
2.6202633571e-09 5.7678843313e+04 1.2557866210e+00 0.0000000000e+00 
2.6514988722e-08 2.1931543367e+04 6.2472444488e-01 0.0000000000e+00 
6.0060224836e-09 1.2221168113e+04 9.6798287354e-01 0.0000000000e+00 
4.6355903841e-11 2.9078272013e+04 1.1772135314e+00 0.0000000000e+00 
1.1398907222e-09 3.2416095064e+04 8.4971650002e-01 0.0000000000e+00 
2.2127873097e-09 1.9389385813e+04 1.1013104131e+00 0.0000000000e+00 
3.7464561635e-07 4.4990680187e+04 1.4116386131e+00 0.0000000000e+00 
3.1799484902e-08 5.2197036533e+04 3.0123549900e-01 0.0000000000e+00 
5.3969832199e-05 3.8166795717e+04 4.1594145943e-01 0.0000000000e+00 
1.8490680847e-08 4.8848680216e+04 5.9441140300e-01 0.0000000000e+00 
7.4131959642e-11 5.4017817436e+04 9.0387810072e-01 0.0000000000e+00 
2.3584896258e-08 4.2268252015e+04 1.3014023010e+00 0.0000000000e+00 
2.9320000000e-04 3.8684359835e+04 1.3109316853e+00 0.0000000000e+00 
5.9253054876e-11 1.7044935559e+04 1.0261296718e+00 0.0000000000e+00 
5.6472600004e-10 5.1221315496e+04 8.5041973898e-01 0.0000000000e+00 
1.2807427882e-10 4.7005251772e+04 1.0449402421e+00 0.0000000000e+00 
1.4628072005e-07 2.8743541798e+04 1.0380163498e+00 0.0000000000e+00 
1.2478304832e-09 3.6475297260e+04 4.1653000822e-01 0.0000000000e+00 
1.3718939027e-10 5.3038676918e+04 1.1095403285e+00 0.0000000000e+00 
1.9822229608e-08 4.3768885459e+04 8.4545249622e-01 0.0000000000e+00 
1.8561870611e-10 4.9311017259e+04 1.0011114246e+00 0.0000000000e+00 
2.0902494480e-09 1.7869023667e+04 5.5214558450e-01 0.0000000000e+00 
4.3102403334e-10 5.1033504756e+04 1.0272500949e+00 0.0000000000e+00 
2.2762770194e-10 2.5852206252e+04 8.5248162457e-01 0.0000000000e+00 
6.1763676695e-07 1.6667146897e+04 7.3493088976e-01 0.0000000000e+00 
1.1413731219e-09 4.4399538555e+04 4.7395505181e-01 0.0000000000e+00 
4.1191792838e-08 1.2900479806e+04 6.5907173750e-01 0.0000000000e+00 
1.1392238771e-07 4.7893372667e+04 1.0979014403e+00 0.0000000000e+00 
1.3804740228e-07 4.8285826799e+04 1.3725339752e+00 0.0000000000e+00 
2.0991560187e-09 3.0647401882e+04 9.6072790795e-01 0.0000000000e+00 
2.7282770983e-08 2.2166847850e+04 8.0113516195e-01 0.0000000000e+00 
2.6882607904e-11 5.2772512652e+04 8.5702381124e-01 0.0000000000e+00 
1.5869737249e-10 3.6168173594e+04 1.4066484474e+00 0.0000000000e+00 
1.8274635561e-08 4.0701317509e+04 1.0942756551e+00 0.0000000000e+00 
1.2593992503e-08 5.9980335144e+04 1.2513271283e+00 0.0000000000e+00 
1.7214530925e-09 4.5426213405e+04 6.6920126320e-01 0.0000000000e+00 
1.2142065895e-09 2.2085071176e+04 7.3066775304e-01 0.0000000000e+00 
5.8778522042e-10 4.5191474265e+04 1.2936114668e+00 0.0000000000e+00 
2.2881017458e-09 3.6037946864e+04 8.8581962513e-01 0.0000000000e+00 
1.9090837369e-04 5.1577917902e+04 1.0324883551e+00 0.0000000000e+00 
2.1626605697e-08 4.1760674687e+04 1.5239222020e+00 0.0000000000e+00 
2.8601346915e-06 5.4177134684e+04 8.6034459518e-01 0.0000000000e+00 
7.9095617263e-07 5.0419794194e+04 3.4758089011e-01 0.0000000000e+00 
1.4766563251e-08 5.6058993612e+04 1.3918281571e+00 0.0000000000e+00 
6.9908527936e-11 1.5163157535e+04 1.0575220434e+00 0.0000000000e+00 
2.1148597787e-06 1.5662423377e+04 7.0371741760e-01 0.0000000000e+00 
1.2163354741e-06 2.9884465756e+04 3.6529706353e-01 0.0000000000e+00 
1.0789376070e-07 3.2095408547e+04 1.0622981849e+00 0.0000000000e+00 
5.6781090977e-09 5.0921095176e+04 1.2713417188e-01 0.0000000000e+00 
5.1787681294e-11 3.3481938259e+04 1.4462307231e+00 0.0000000000e+00 
1.6686642601e-10 3.9579822545e+04 9.7902792649e-01 0.0000000000e+00 
2.9320000000e-04 1.4469473498e+04 9.5165705588e-01 0.0000000000e+00 
2.2716068504e-08 1.5901937288e+04 1.0673766766e+00 0.0000000000e+00 
5.2909717253e-09 4.0524964394e+04 4.0374483380e-01 0.0000000000e+00 
5.7283958877e-11 5.5311079838e+04 2.4630949693e-01 0.0000000000e+00 
2.9131503069e-06 1.9931033037e+04 9.8218299321e-01 0.0000000000e+00 
1.7018502414e-09 2.6785948390e+04 7.5551080805e-01 0.0000000000e+00 
4.6767523847e-09 2.0930279352e+04 1.0081201692e+00 0.0000000000e+00 
2.6131477427e-08 4.1154628380e+04 9.4498315696e-01 0.0000000000e+00 
7.2913290507e-08 3.6147978251e+04 7.2278162321e-01 0.0000000000e+00 
1.5788666998e-07 2.1740991363e+04 1.3523385121e+00 0.0000000000e+00 
9.4239742651e-08 3.4066676615e+04 7.0939543304e-01 0.0000000000e+00 
3.9698956516e-11 4.4220793930e+04 1.0852478628e+00 0.0000000000e+00 
1.6791469884e-10 5.0811837196e+04 2.1178752775e-01 0.0000000000e+00 
3.3706945586e-09 1.5552289775e+04 7.5643218977e-01 0.0000000000e+00 
1.6832818129e-09 4.4347806745e+04 1.0005353501e+00 0.0000000000e+00 
2.0009394212e-09 4.0449964267e+04 1.3748031330e+00 0.0000000000e+00 
4.4630177007e-06 1.2791039390e+04 7.8929505582e-01 0.0000000000e+00 
2.9213415438e-10 5.1247559024e+04 6.7148548705e-01 0.0000000000e+00 
9.2942839539e-10 3.9091619058e+04 9.5160047446e-01 0.0000000000e+00 
2.7797415573e-11 3.8547287587e+04 1.9007104985e-01 0.0000000000e+00 
5.1022573712e-09 4.7643969337e+04 4.7030205252e-01 0.0000000000e+00 
3.6244441483e-07 2.5494188015e+04 7.2243378528e-01 0.0000000000e+00 
6.6038471446e-11 5.5416038153e+04 6.3427785885e-01 0.0000000000e+00 
1.4737209991e-10 3.5938598699e+04 8.1427045818e-01 0.0000000000e+00 
1.3416554999e-07 4.0664243065e+04 1.0061997147e-01 0.0000000000e+00 
8.9378558767e-09 5.4778637896e+04 6.3687324256e-01 0.0000000000e+00 
2.9665837097e-07 3.6128227409e+04 4.9368218027e-01 0.0000000000e+00 
7.4903259157e-10 3.5419214674e+04 2.5654824915e-01 0.0000000000e+00 
5.8919116486e-10 5.1615450902e+04 2.7585656666e-01 0.0000000000e+00 
2.9365171323e-05 4.9224886164e+04 1.0266853323e+00 0.0000000000e+00 
6.7332784368e-07 1.2341820096e+04 8.9412702504e-01 0.0000000000e+00 
1.2477890794e-06 5.1638391211e+04 1.0095304346e+00 0.0000000000e+00 
2.1007099584e-08 2.4512075616e+04 7.6354594414e-01 0.0000000000e+00 
2.6033356270e-10 4.3116321351e+04 8.2516844842e-01 0.0000000000e+00 
2.3381123779e-07 1.6486400517e+04 4.4508379533e-01 0.0000000000e+00 
1.2883451811e-10 2.4563475965e+04 5.8737876010e-01 0.0000000000e+00 
5.7993187459e-09 2.2272050364e+04 6.2579172278e-01 0.0000000000e+00 
9.3957412530e-08 4.6817339616e+04 6.0371953806e-01 0.0000000000e+00 
5.2137850374e-06 5.9145773260e+04 7.6688403341e-01 0.0000000000e+00 
2.7315453149e-11 4.0294088765e+04 1.0807496334e+00 0.0000000000e+00 
1.5675931101e-06 5.3196486572e+04 1.3398923918e+00 0.0000000000e+00 
2.9954081760e-10 1.3764825369e+04 1.2583202986e+00 0.0000000000e+00 
5.9282275746e-07 1.3914920534e+04 7.9335874002e-01 0.0000000000e+00 
2.7982273564e-08 1.4764668263e+04 1.0852718359e+00 0.0000000000e+00 
1.9615349515e-08 4.7838835148e+04 5.4043481473e-01 0.0000000000e+00 
3.9523908277e-07 3.9839194253e+04 6.0546260588e-01 0.0000000000e+00 
4.4989297753e-08 4.4786334413e+04 3.6446210559e-01 0.0000000000e+00 
3.5119677141e-09 2.4841414921e+04 8.0584133081e-01 0.0000000000e+00 
4.1104946365e-10 4.5935292024e+04 1.0145385051e+00 0.0000000000e+00 
1.8824101093e-09 5.6779612837e+04 8.2315555734e-01 0.0000000000e+00 
3.3601022298e-10 1.9435457122e+04 6.8823881945e-01 0.0000000000e+00 
3.3262672129e-09 1.6284216545e+04 6.0864101152e-01 0.0000000000e+00 
2.9320000000e-04 5.0287338415e+04 8.5436796603e-01 0.0000000000e+00 
4.7334886183e-09 2.0694284380e+04 8.7914001370e-01 0.0000000000e+00 
1.2870900505e-09 5.9197988150e+04 7.4941489733e-01 0.0000000000e+00 
2.9320000000e-04 1.1756737151e+04 6.9435951805e-01 0.0000000000e+00 
6.0594219680e-11 5.4280446929e+04 1.1319149961e+00 0.0000000000e+00 
2.1556416322e-08 4.5007172272e+04 7.9585840928e-01 0.0000000000e+00 
2.2009196362e-08 4.2219919465e+04 3.7695289751e-01 0.0000000000e+00 
3.6116217835e-09 1.5405502109e+04 8.6618838786e-01 0.0000000000e+00 
1.1442749238e-09 2.1153864633e+04 1.5836124116e-01 0.0000000000e+00 
1.2405795983e-08 3.7854190851e+04 8.8642593622e-01 0.0000000000e+00 
1.6631328160e-08 4.1378208048e+04 5.0033165261e-01 0.0000000000e+00 
4.0861387003e-10 1.7942894233e+04 5.8838654266e-01 0.0000000000e+00 
2.9320000000e-04 5.7262574001e+04 6.3544551884e-01 0.0000000000e+00 
4.5023588445e-10 2.9782495993e+04 1.0245775666e+00 0.0000000000e+00 
1.2872321332e-07 3.2528862126e+04 1.4810132734e-01 0.0000000000e+00 
2.2784501447e-06 1.2054837945e+04 1.0661208163e+00 0.0000000000e+00 
5.8678169955e-11 4.1712883859e+04 6.3000166369e-01 0.0000000000e+00 
8.9741844224e-10 4.9606415995e+04 1.0343693548e+00 0.0000000000e+00 
6.3229151178e-09 4.6026649701e+04 6.8424651927e-01 0.0000000000e+00 
1.9087478261e-10 5.2753615248e+04 1.3746276522e+00 0.0000000000e+00 
1.7566763617e-07 5.1230700601e+04 8.6461957916e-01 0.0000000000e+00 
1.4530695155e-07 3.2168912475e+04 7.0987687602e-01 0.0000000000e+00 
2.5993423569e-06 3.6729848856e+04 4.9146812846e-01 0.0000000000e+00 
1.3040680767e-09 1.2142406402e+04 6.1768800047e-01 0.0000000000e+00 
5.4801999223e-09 2.5414052978e+04 7.9238230191e-01 0.0000000000e+00 
2.4931037627e-09 2.1660319753e+04 7.1810842380e-01 0.0000000000e+00 
2.5428365919e-09 4.2819749849e+04 8.0321964236e-01 0.0000000000e+00 
5.5014151705e-10 1.5220353078e+04 9.5859661855e-01 0.0000000000e+00 
7.8257964889e-10 5.1937689257e+04 4.4289446509e-01 0.0000000000e+00 
2.2357083968e-10 5.1788027052e+04 1.4574903811e+00 0.0000000000e+00 
2.6699484773e-07 4.6600812204e+04 9.4759067827e-01 0.0000000000e+00 
7.7291181097e-09 3.7749369270e+04 7.4965988397e-01 0.0000000000e+00 
3.6823308510e-06 3.9318947875e+04 1.3718556448e+00 0.0000000000e+00 
9.2827477798e-09 3.6443397090e+04 8.4983452361e-01 0.0000000000e+00 
9.0764857451e-09 1.3620182909e+04 1.1598991309e+00 0.0000000000e+00 
1.3565513658e-06 3.1905389650e+04 5.0699506298e-01 0.0000000000e+00 
1.8000263658e-07 4.8766082022e+04 6.5948820998e-01 0.0000000000e+00 
5.2228170308e-11 1.9502394570e+04 6.5873309254e-01 0.0000000000e+00 
7.6305716134e-09 4.1024971628e+04 1.0918243002e+00 0.0000000000e+00 
1.3007698659e-09 2.0185443244e+04 6.4479243574e-01 0.0000000000e+00 
8.6901854494e-10 2.8825742324e+04 5.7921564786e-01 0.0000000000e+00 
1.2198970236e-10 4.8767120025e+04 7.0756915530e-01 0.0000000000e+00 
2.8270973561e-08 5.0205277444e+04 7.6694688016e-01 0.0000000000e+00 
3.8327622372e-08 3.8260197965e+04 6.6809091254e-01 0.0000000000e+00 
1.2240308388e-06 4.7929317996e+04 3.9390844006e-01 0.0000000000e+00 
4.6972112367e-06 4.0507394811e+04 8.9496813677e-01 0.0000000000e+00 
5.2609086074e-11 4.2846665467e+04 1.3820109422e+00 0.0000000000e+00 
5.9878022454e-08 5.0074107612e+04 6.0843469614e-01 0.0000000000e+00 
1.1263734813e-06 1.2082557427e+04 9.4017692063e-01 0.0000000000e+00 
2.0875795621e-08 3.3415282559e+04 4.4190725367e-01 0.0000000000e+00 
1.5341388171e-08 3.6043671534e+04 6.2674425016e-01 0.0000000000e+00 
4.0892883497e-09 2.0305013973e+04 1.8282632986e-01 0.0000000000e+00 
1.6811570648e-09 1.5934401922e+04 8.2800742942e-01 0.0000000000e+00 
2.9392044427e-07 4.2606622660e+04 8.0001501900e-01 0.0000000000e+00 
7.3299272119e-09 2.4159874255e+04 1.3757988044e+00 0.0000000000e+00 
7.1046697275e-10 1.2193188390e+04 3.7976546010e-01 0.0000000000e+00 
1.2639854683e-06 2.9258958069e+04 7.5300185119e-01 0.0000000000e+00 
3.0974405452e-09 1.9098917865e+04 2.8817251368e-01 0.0000000000e+00 
7.1577210673e-06 1.7677216743e+04 1.1605638875e+00 0.0000000000e+00 
1.4954062062e-09 4.2040114321e+04 1.2162810116e+00 0.0000000000e+00 
3.6112695793e-09 4.7272525576e+04 3.3771828034e-01 0.0000000000e+00 
6.9471224459e-11 5.6653681655e+04 9.1611773261e-01 0.0000000000e+00 
1.0505577837e-10 3.0220096092e+04 8.4047271264e-02 0.0000000000e+00 
9.8801225332e-11 3.0709207699e+04 7.0641065080e-01 0.0000000000e+00 
3.1872848303e-08 2.8733683771e+04 1.2570263094e+00 0.0000000000e+00 
9.0676016297e-11 3.2736824582e+04 7.3382631160e-01 0.0000000000e+00 
9.7721078064e-06 1.1927054725e+04 1.1271059948e+00 0.0000000000e+00 
8.1386844324e-06 1.8580531476e+04 6.4883786961e-01 0.0000000000e+00 
8.0701019109e-11 3.5390422215e+04 9.3881217255e-01 0.0000000000e+00 
2.0211887389e-07 1.3309245790e+04 5.5118844109e-01 0.0000000000e+00 
1.0981734103e-07 5.4230454648e+04 1.0138625477e+00 0.0000000000e+00 
6.0689712200e-09 3.0976857191e+04 8.7995212736e-01 0.0000000000e+00 
4.8381976208e-08 2.9313792048e+04 4.4465981083e-01 0.0000000000e+00 
4.3974226326e-09 2.2576301298e+04 1.9730267663e-01 0.0000000000e+00 
1.7650986591e-07 2.7169974265e+04 8.7189864450e-01 0.0000000000e+00 
2.1318439868e-06 3.1697510023e+04 1.3211199233e+00 0.0000000000e+00 
2.8602529454e-10 3.4326199157e+04 9.5987806717e-01 0.0000000000e+00 
2.8064249391e-10 5.0993686214e+04 3.6756091801e-01 0.0000000000e+00 
1.2623589827e-08 5.9031054219e+04 6.7903097898e-01 0.0000000000e+00 
1.4294665171e-10 1.1873080874e+04 6.9794318168e-01 0.0000000000e+00 
5.4698638653e-09 4.9827233408e+04 1.2028943245e+00 0.0000000000e+00 
4.8675636388e-08 5.3674894404e+04 1.3093783666e+00 0.0000000000e+00 
3.9293482717e-10 4.0491339648e+04 4.1088919145e-01 0.0000000000e+00 
9.8710611726e-09 4.8815307907e+04 6.0915473828e-01 0.0000000000e+00 
6.5657166408e-08 3.9578789136e+04 1.6639671138e-02 0.0000000000e+00 
3.6095717795e-10 3.9187575862e+04 1.1840281757e+00 0.0000000000e+00 
2.3708910720e-11 1.1257851452e+04 1.0481699086e+00 0.0000000000e+00 
2.1900654726e-10 3.9063810747e+04 7.7332135053e-01 0.0000000000e+00 
4.8171102842e-08 4.5637768489e+04 1.1304820289e+00 0.0000000000e+00 
2.6138420889e-06 4.7773624635e+04 8.8968847574e-01 0.0000000000e+00 
2.9160968213e-07 4.9299500090e+04 2.3053304733e-01 0.0000000000e+00 
1.0002116203e-06 3.8499968049e+04 7.4105751571e-01 0.0000000000e+00 
3.5926509185e-10 1.9805433585e+04 6.1017781079e-01 0.0000000000e+00 
4.3830607620e-10 2.2639054246e+04 7.3101571434e-01 0.0000000000e+00 
2.2822521452e-10 1.3051197654e+04 4.8683892575e-01 0.0000000000e+00 
1.5300659674e-08 4.7394971005e+04 6.2189416539e-01 0.0000000000e+00 
3.0216807223e-11 5.8624510444e+04 7.1440808522e-01 0.0000000000e+00 
6.0757323824e-05 2.1194479646e+04 4.6804650107e-01 0.0000000000e+00 
2.3654694863e-10 1.6846977578e+04 1.1907975793e+00 0.0000000000e+00 
2.3625109420e-09 5.1907157232e+04 9.5737410130e-01 0.0000000000e+00 
2.5720318829e-10 3.3177625827e+04 1.1691145334e+00 0.0000000000e+00 
2.0752429350e-09 3.0073347674e+04 4.2387100953e-01 0.0000000000e+00 
2.9586362926e-09 5.1781750262e+04 8.8495363181e-01 0.0000000000e+00 
6.8095210480e-06 3.9676374026e+04 6.5565024402e-01 0.0000000000e+00 
4.5917556394e-10 5.7549048568e+04 7.3432454557e-01 0.0000000000e+00 
9.5742894080e-08 4.1503688083e+04 1.3336159407e+00 0.0000000000e+00 
5.3219941392e-06 1.9134956393e+04 1.2399071654e+00 0.0000000000e+00 
3.7302469745e-10 4.2565315359e+04 1.0751997772e+00 0.0000000000e+00 
3.5480155771e-08 3.4514906996e+04 4.1429381050e-01 0.0000000000e+00 
2.4374977880e-11 1.9462036333e+04 1.0520463256e+00 0.0000000000e+00 
7.0588236495e-05 4.6171683622e+04 7.2351794127e-01 0.0000000000e+00 
2.1315070446e-09 4.7125329219e+04 3.7337991515e-01 0.0000000000e+00 
3.5664257371e-08 5.0147426009e+04 1.2621712508e+00 0.0000000000e+00 
2.2867991895e-09 5.5560801158e+04 6.8183733896e-01 0.0000000000e+00 
1.3580090820e-08 3.9541516730e+04 1.1211396757e+00 0.0000000000e+00 
3.6876063477e-07 4.0424952624e+04 1.1183544214e+00 0.0000000000e+00 
8.4372435936e-07 5.2531160101e+04 5.1962100737e-01 0.0000000000e+00 
4.7800515010e-11 3.8529385962e+04 6.1347176206e-01 0.0000000000e+00 
6.3116175510e-06 1.6565292494e+04 2.2150523383e-01 0.0000000000e+00 
1.4442414998e-09 5.7129448060e+04 1.9799808699e-01 0.0000000000e+00 
7.8940174019e-11 3.9635895956e+04 4.2184976033e-01 0.0000000000e+00 
5.3925128661e-09 3.0784195403e+04 8.3908136001e-01 0.0000000000e+00 
2.8700573834e-07 4.8006944669e+04 1.2847399736e+00 0.0000000000e+00 
1.8545561036e-04 2.6653857866e+04 4.5488518724e-01 0.0000000000e+00 
2.0785378296e-10 3.3421783174e+04 1.1914837312e+00 0.0000000000e+00 
1.1595669917e-09 1.1830460241e+04 4.4705317756e-01 0.0000000000e+00 
4.0355378258e-07 2.0303332120e+04 1.0470849861e+00 0.0000000000e+00 
1.8452511018e-10 5.6781562079e+04 4.4958038262e-01 0.0000000000e+00 
2.2730955878e-09 3.3378228396e+04 4.7526393483e-01 0.0000000000e+00 
1.2398887426e-08 1.7334430174e+04 1.0978317722e+00 0.0000000000e+00 
3.2053058619e-11 5.3264198464e+04 9.9255694798e-01 0.0000000000e+00 
1.4562444122e-10 5.0181148647e+04 2.5226234795e-01 0.0000000000e+00 
1.8470146366e-10 1.6599695340e+04 1.1046558539e+00 0.0000000000e+00 
9.5099512920e-09 3.1390623516e+04 9.0647069218e-01 0.0000000000e+00 
2.4648377414e-10 1.7562768418e+04 1.1052367981e-01 0.0000000000e+00 
2.9963436702e-10 5.5942362221e+04 5.0019750476e-01 0.0000000000e+00 
1.6013550783e-07 5.8087519414e+04 1.2178544394e+00 0.0000000000e+00 
3.0255487141e-09 2.8780982819e+04 8.1522612592e-01 0.0000000000e+00 
9.2439101523e-08 3.4151825152e+04 8.3095469663e-01 0.0000000000e+00 
8.4780584768e-10 2.5731520144e+04 1.2819234188e+00 0.0000000000e+00 
