Radius [m]       Fe Area [frac]    Max Temp [k]    
9.9661774133e-07 1.0000000000e+00 2.5570888599e+03 
9.6480249340e-07 1.0000000000e+00 2.4207086135e+03 
1.2302907259e-06 1.0000000000e+00 2.3167336585e+03 
9.9948576940e-07 1.0000000000e+00 2.3432649812e+03 
9.9500698025e-07 1.0000000000e+00 2.5058305807e+03 
9.9817318598e-07 1.0000000000e+00 2.5020979392e+03 
9.9263251906e-07 1.0000000000e+00 2.4114948799e+03 
9.9547583480e-07 1.0000000000e+00 2.5016344512e+03 
9.9233254948e-07 1.0000000000e+00 2.6251331066e+03 
1.3952121399e-05 1.0000000000e+00 2.3661223752e+03 
9.9803132052e-07 1.0000000000e+00 2.5411043410e+03 
9.9931394756e-07 1.0000000000e+00 2.6420832613e+03 
0.0000000000e+00 0.0000000000e+00 3.1406203772e+03 
1.9681991279e-06 1.0000000000e+00 2.6475909233e+03 
1.6926807030e-06 1.0000000000e+00 2.3190734485e+03 
9.9881016904e-07 1.0000000000e+00 2.1937043753e+03 
7.1499172546e-06 1.0000000000e+00 2.1884095007e+03 
9.9555814102e-07 1.0000000000e+00 2.7167521482e+03 
9.9752985008e-07 1.0000000000e+00 2.7909079600e+03 
9.3255276123e-07 1.0000000000e+00 2.1737483415e+03 
9.9039036899e-07 1.0000000000e+00 2.5375255197e+03 
9.9332399691e-07 1.0000000000e+00 2.6164829029e+03 
9.9484694815e-07 1.0000000000e+00 2.5558793764e+03 
9.9475539768e-07 1.0000000000e+00 2.3607289794e+03 
9.9952701297e-07 1.0000000000e+00 2.4542039637e+03 
3.3613094655e-06 1.0000000000e+00 2.3434563005e+03 
9.9434261159e-07 1.0000000000e+00 2.2105160439e+03 
9.9386961114e-07 1.0000000000e+00 2.3874974538e+03 
9.9807087726e-07 1.0000000000e+00 2.4442538301e+03 
9.9837238320e-07 1.0000000000e+00 2.6467809975e+03 
9.9737652740e-07 1.0000000000e+00 2.3386320582e+03 
9.9805957468e-07 1.0000000000e+00 2.1676947378e+03 
9.8994783382e-07 1.0000000000e+00 3.1176683632e+03 
9.2804531376e-07 1.0000000000e+00 2.4608261382e+03 
-1.0000000000e+00 -1.0000000000e+00 -1.0000000000e+00 
1.1428155295e-04 1.0000000000e+00 2.4676449069e+03 
9.9862830841e-07 1.0000000000e+00 2.7155546604e+03 
9.9924195032e-07 1.0000000000e+00 2.4149927018e+03 
9.8476207175e-07 1.0000000000e+00 2.3743397847e+03 
9.9846800481e-07 1.0000000000e+00 2.5976279843e+03 
6.3421339693e-05 1.0000000000e+00 2.2678628531e+03 
9.9725702056e-07 1.0000000000e+00 2.3668475241e+03 
2.3217411058e-05 1.0000000000e+00 2.0306259524e+03 
9.9100939997e-07 1.0000000000e+00 2.9912775585e+03 
9.9954504063e-07 1.0000000000e+00 2.5068601289e+03 
9.9855744502e-07 1.0000000000e+00 2.6235790418e+03 
9.2959842564e-07 1.0000000000e+00 2.2632468158e+03 
9.9799527681e-07 1.0000000000e+00 2.5308546973e+03 
0.0000000000e+00 0.0000000000e+00 3.0522294972e+03 
8.1933206206e-05 1.0000000000e+00 1.2835584345e+03 
9.9678536328e-07 1.0000000000e+00 2.4620147699e+03 
9.9881739953e-07 1.0000000000e+00 2.4617165742e+03 
9.8929673412e-07 1.0000000000e+00 2.0887367172e+03 
9.9574384990e-07 1.0000000000e+00 2.4049626951e+03 
9.9553753731e-07 1.0000000000e+00 2.6385102870e+03 
9.9918960450e-07 1.0000000000e+00 2.6707509615e+03 
9.9511922796e-07 1.0000000000e+00 2.5089145788e+03 
9.9910192879e-07 1.0000000000e+00 2.6310995910e+03 
9.9516295954e-07 1.0000000000e+00 2.4156059507e+03 
9.9344278357e-07 1.0000000000e+00 2.7097999209e+03 
9.9346578078e-07 1.0000000000e+00 2.5946060259e+03 
9.2182196560e-06 1.0000000000e+00 1.9782566579e+03 
3.1020015900e-05 1.0000000000e+00 2.0809064700e+03 
9.9762729969e-07 1.0000000000e+00 2.6565683188e+03 
9.9258440086e-07 1.0000000000e+00 2.7339088558e+03 
9.9891850418e-07 1.0000000000e+00 2.4090391858e+03 
2.8565410331e-06 1.0000000000e+00 2.1705163745e+03 
1.3673827507e-06 1.0000000000e+00 2.3648929969e+03 
1.3513685522e-04 1.0000000000e+00 2.0305259793e+03 
9.6443984824e-06 1.0000000000e+00 2.6406124820e+03 
2.6381686865e-06 1.0000000000e+00 2.1709195034e+03 
9.9965629023e-07 1.0000000000e+00 2.5875515979e+03 
2.0529883618e-06 1.0000000000e+00 2.2262397682e+03 
9.9990910812e-07 1.0000000000e+00 2.5263349154e+03 
9.7725985473e-07 1.0000000000e+00 2.4661240075e+03 
1.4218942883e-05 1.0000000000e+00 1.7340609762e+03 
9.9730848996e-07 1.0000000000e+00 2.4303656798e+03 
9.9606790181e-07 1.0000000000e+00 2.5297429172e+03 
9.9904163073e-07 1.0000000000e+00 2.6088084062e+03 
9.9398568618e-07 1.0000000000e+00 2.6906930550e+03 
2.5688901193e-05 1.0000000000e+00 5.6213545848e+02 
6.4961025401e-05 1.0000000000e+00 2.3334038087e+03 
9.9984821433e-07 1.0000000000e+00 2.3359660298e+03 
9.9316387557e-07 1.0000000000e+00 2.5502200125e+03 
9.9726198546e-07 1.0000000000e+00 2.3442319542e+03 
3.5196188397e-05 1.0000000000e+00 2.2302116927e+03 
9.9392505607e-07 1.0000000000e+00 2.4702254956e+03 
9.9819695728e-07 1.0000000000e+00 2.4252250538e+03 
9.9852262209e-07 1.0000000000e+00 2.4401365325e+03 
9.9736026881e-07 1.0000000000e+00 2.3546643279e+03 
9.9391327683e-07 1.0000000000e+00 2.4100098273e+03 
9.9839223892e-07 1.0000000000e+00 2.4266151126e+03 
9.9915796357e-07 1.0000000000e+00 2.4153077177e+03 
9.9982279777e-07 1.0000000000e+00 2.5012176422e+03 
9.9630570961e-07 1.0000000000e+00 2.5549200851e+03 
9.9644130760e-07 1.0000000000e+00 2.2339689450e+03 
9.9395142007e-07 1.0000000000e+00 2.4797796254e+03 
9.9996780781e-07 1.0000000000e+00 2.3898444231e+03 
9.9836755842e-07 1.0000000000e+00 2.5092342186e+03 
9.9149797864e-07 1.0000000000e+00 2.3109461884e+03 
9.9946716509e-07 1.0000000000e+00 2.4129822748e+03 
9.9636878693e-07 1.0000000000e+00 2.4808386487e+03 
8.2995327882e-07 1.0000000000e+00 2.4068954775e+03 
9.9856346238e-07 1.0000000000e+00 2.3829531120e+03 
9.9926936778e-07 1.0000000000e+00 2.6447688544e+03 
1.6357344544e-05 1.0000000000e+00 2.1812226522e+03 
9.9688365061e-07 1.0000000000e+00 2.4896683907e+03 
9.9225374866e-07 1.0000000000e+00 2.4972906662e+03 
6.5034760093e-07 1.0000000000e+00 2.7083395356e+03 
1.9958312903e-06 1.0000000000e+00 2.4983127475e+03 
9.9420553376e-07 1.0000000000e+00 2.4771361199e+03 
9.7216298844e-07 1.0000000000e+00 2.2797061031e+03 
7.0103491454e-06 1.0000000000e+00 2.1491417119e+03 
8.0088059336e-07 1.0000000000e+00 2.6231901636e+03 
0.0000000000e+00 0.0000000000e+00 3.0366664246e+03 
8.6712242473e-07 1.0000000000e+00 2.3369331409e+03 
1.5074103652e-06 1.0000000000e+00 2.3886746001e+03 
9.9722137757e-07 1.0000000000e+00 2.4644197125e+03 
9.9775925690e-07 1.0000000000e+00 2.7054621435e+03 
9.9726460807e-07 1.0000000000e+00 2.3124739304e+03 
9.9583068565e-07 1.0000000000e+00 2.2902669470e+03 
2.6298294660e-05 1.0000000000e+00 1.9292754453e+03 
5.0654237025e-06 1.0000000000e+00 2.4194588797e+03 
2.1526480823e-06 1.0000000000e+00 2.2763277758e+03 
9.9904974927e-07 1.0000000000e+00 2.4021797337e+03 
9.9779735056e-07 1.0000000000e+00 2.2328114242e+03 
9.9744355853e-07 1.0000000000e+00 2.4287143026e+03 
9.8806446298e-07 1.0000000000e+00 2.9441005404e+03 
8.9783788216e-05 1.0000000000e+00 2.6526694881e+03 
9.3342086372e-07 1.0000000000e+00 2.1665981886e+03 
9.9793889319e-07 1.0000000000e+00 2.6638878109e+03 
9.9729327673e-07 1.0000000000e+00 2.5780470043e+03 
9.9700082200e-07 1.0000000000e+00 2.5322102636e+03 
9.9844201922e-07 1.0000000000e+00 2.6294647867e+03 
1.9312750305e-06 1.0000000000e+00 2.2489158549e+03 
2.6547031849e-06 1.0000000000e+00 2.5541098221e+03 
9.9593996762e-07 1.0000000000e+00 2.4128995829e+03 
2.2104711115e-05 1.0000000000e+00 3.1046796453e+02 
9.8983048987e-07 1.0000000000e+00 2.8340770399e+03 
9.9445274344e-07 1.0000000000e+00 2.5714200784e+03 
9.9919196761e-07 1.0000000000e+00 2.4570440449e+03 
9.9800869524e-07 1.0000000000e+00 2.2723948460e+03 
9.9756881089e-07 1.0000000000e+00 2.5617115379e+03 
9.9906488733e-07 1.0000000000e+00 2.3756434195e+03 
1.8135873000e-05 1.0000000000e+00 2.1604988537e+03 
9.9787273582e-07 1.0000000000e+00 2.4174767470e+03 
9.9473265410e-07 1.0000000000e+00 2.5200029527e+03 
9.9678954274e-07 1.0000000000e+00 2.5676444985e+03 
2.0617992180e-05 1.0000000000e+00 1.9977044242e+03 
9.9844914462e-07 1.0000000000e+00 2.5240300115e+03 
9.9625513388e-07 1.0000000000e+00 2.4067726222e+03 
9.9642699736e-07 1.0000000000e+00 2.8423164595e+03 
9.9440796628e-07 1.0000000000e+00 2.4080281300e+03 
8.4995102888e-07 1.0000000000e+00 2.3460784057e+03 
9.9331416757e-07 1.0000000000e+00 3.0030237342e+03 
9.9520500049e-07 1.0000000000e+00 2.3828110696e+03 
4.9584807748e-06 1.0000000000e+00 2.2818684432e+03 
0.0000000000e+00 0.0000000000e+00 3.0561301215e+03 
9.9422515963e-07 1.0000000000e+00 2.5163292481e+03 
1.5468866333e-05 1.0000000000e+00 2.1872742258e+03 
2.3333423246e-05 1.0000000000e+00 2.2944732886e+03 
9.9683055277e-07 1.0000000000e+00 2.7711597637e+03 
9.9864359229e-07 1.0000000000e+00 2.4009844282e+03 
2.2555359783e-05 1.0000000000e+00 2.1321028506e+03 
2.1928684053e-05 1.0000000000e+00 1.7052905052e+03 
9.9638212862e-07 1.0000000000e+00 2.3447628856e+03 
9.9866995628e-07 1.0000000000e+00 2.3063923281e+03 
2.4641178424e-05 1.0000000000e+00 2.2218636300e+03 
9.9938245236e-07 1.0000000000e+00 2.4721894844e+03 
9.9538021619e-07 1.0000000000e+00 2.4632746435e+03 
9.9549884771e-07 1.0000000000e+00 2.6217590759e+03 
9.9900512495e-07 1.0000000000e+00 2.7304379677e+03 
9.9471093715e-07 1.0000000000e+00 2.3484515566e+03 
9.9732167424e-07 1.0000000000e+00 2.3844818574e+03 
9.9745486246e-07 1.0000000000e+00 2.5310817259e+03 
9.9918332599e-07 1.0000000000e+00 2.3290105256e+03 
2.1994074084e-06 1.0000000000e+00 2.1503254236e+03 
9.9821316240e-07 1.0000000000e+00 3.1071063190e+03 
9.9635649688e-07 1.0000000000e+00 2.3980712985e+03 
8.0560312778e-07 1.0000000000e+00 2.3849717571e+03 
9.9654145620e-07 1.0000000000e+00 2.3217328676e+03 
9.9911134749e-07 1.0000000000e+00 2.3933204395e+03 
9.9622258942e-07 1.0000000000e+00 2.6366582855e+03 
9.9441456202e-07 1.0000000000e+00 2.4159500476e+03 
3.6910823037e-06 1.0000000000e+00 2.1190860626e+03 
9.9569997683e-07 1.0000000000e+00 2.7572232849e+03 
2.2041024395e-05 1.0000000000e+00 2.3292894747e+03 
2.7876710348e-05 1.0000000000e+00 1.9771954314e+03 
9.9995268251e-07 1.0000000000e+00 2.2751852594e+03 
9.9851042614e-07 1.0000000000e+00 2.4194257990e+03 
4.1565524956e-05 1.0000000000e+00 2.1943137343e+03 
7.0222747706e-06 1.0000000000e+00 2.5957593783e+03 
9.9828850490e-07 1.0000000000e+00 2.4903465391e+03 
9.9364219795e-07 1.0000000000e+00 2.3709882775e+03 
1.1343018913e-06 1.0000000000e+00 2.3882447030e+03 
2.3807295094e-05 1.0000000000e+00 1.9013658374e+03 
9.9884005786e-07 1.0000000000e+00 2.3813387545e+03 
9.9950426122e-07 1.0000000000e+00 2.4759765376e+03 
9.9824431115e-07 1.0000000000e+00 2.3778179867e+03 
3.6795561787e-05 1.0000000000e+00 2.7223455685e+03 
9.9983419506e-07 1.0000000000e+00 2.6198781936e+03 
8.2370118248e-05 1.0000000000e+00 1.1959838041e+03 
1.1558476411e-04 1.0000000000e+00 2.5928244712e+03 
1.1356431575e-05 1.0000000000e+00 2.4525100556e+03 
9.9899335090e-07 1.0000000000e+00 2.4622888114e+03 
9.9218314520e-07 1.0000000000e+00 2.5066431784e+03 
9.9611636007e-07 1.0000000000e+00 2.4989296566e+03 
9.9770479642e-07 1.0000000000e+00 2.3232510265e+03 
8.2679678996e-05 1.0000000000e+00 2.2085032799e+03 
9.5347560841e-07 1.0000000000e+00 2.4023180664e+03 
9.9379474535e-07 1.0000000000e+00 2.3378371209e+03 
9.9682650824e-07 1.0000000000e+00 2.2637074060e+03 
9.9751568567e-07 1.0000000000e+00 2.2942126924e+03 
9.9810190125e-07 1.0000000000e+00 2.8559265001e+03 
2.8643710727e-06 1.0000000000e+00 2.3949555266e+03 
9.9912214709e-07 1.0000000000e+00 2.2348685527e+03 
9.9620714253e-07 1.0000000000e+00 2.6138605887e+03 
9.9731239217e-07 1.0000000000e+00 2.6432644001e+03 
9.8501014796e-07 1.0000000000e+00 2.6020660453e+03 
8.6372435730e-07 1.0000000000e+00 2.3694006930e+03 
1.3151025069e-05 1.0000000000e+00 1.2544833600e+03 
9.9862847706e-07 1.0000000000e+00 2.9363050898e+03 
9.9596878811e-07 1.0000000000e+00 2.5837362471e+03 
9.9853571110e-07 1.0000000000e+00 2.3630059881e+03 
9.9942525389e-07 1.0000000000e+00 2.3281221988e+03 
9.8770304271e-07 1.0000000000e+00 2.6302596564e+03 
7.7863245600e-07 1.0000000000e+00 2.3908092612e+03 
7.2153535064e-06 1.0000000000e+00 2.4187013825e+03 
9.9711211782e-07 1.0000000000e+00 2.5568095561e+03 
9.9786425661e-07 1.0000000000e+00 2.7668531889e+03 
9.9628870371e-07 1.0000000000e+00 2.4318191037e+03 
9.9723064835e-07 1.0000000000e+00 2.4827585180e+03 
1.1866420170e-06 1.0000000000e+00 2.4052032711e+03 
2.7247607295e-05 1.0000000000e+00 2.2299215060e+03 
9.4308730203e-07 1.0000000000e+00 2.4695467376e+03 
9.9654350191e-07 1.0000000000e+00 2.4427519473e+03 
9.9786934853e-07 1.0000000000e+00 2.7024354098e+03 
9.9709082294e-07 1.0000000000e+00 2.3065007055e+03 
9.9480455216e-07 1.0000000000e+00 3.0160224195e+03 
9.9835087420e-07 1.0000000000e+00 2.7626432998e+03 
9.9670732085e-07 1.0000000000e+00 2.5060779600e+03 
9.9920803462e-07 1.0000000000e+00 2.5202355360e+03 
9.9965709809e-07 1.0000000000e+00 2.4846987175e+03 
2.2113103548e-05 1.0000000000e+00 2.3430336763e+03 
9.9925553292e-07 1.0000000000e+00 2.5847094210e+03 
9.9664650710e-07 1.0000000000e+00 2.3524583488e+03 
9.9810606320e-07 1.0000000000e+00 2.3634135037e+03 
9.9483644918e-07 1.0000000000e+00 2.8030729392e+03 
9.9202671379e-07 1.0000000000e+00 2.5869676512e+03 
9.9913494216e-07 1.0000000000e+00 2.1128491106e+03 
9.9516667572e-07 1.0000000000e+00 2.3445299404e+03 
9.9551758508e-07 1.0000000000e+00 2.5334993295e+03 
9.9142124144e-07 1.0000000000e+00 2.6265357381e+03 
9.1226021362e-07 1.0000000000e+00 2.3988987167e+03 
1.0446093212e-05 1.0000000000e+00 2.4190846220e+03 
4.4867893845e-06 1.0000000000e+00 2.5486244002e+03 
9.9668060929e-07 1.0000000000e+00 2.3679857213e+03 
4.0800459487e-05 1.0000000000e+00 2.2805693493e+03 
9.9781072175e-07 1.0000000000e+00 2.1572602081e+03 
9.9911167118e-07 1.0000000000e+00 2.5910611786e+03 
1.8626187821e-05 1.0000000000e+00 9.9238674482e+02 
9.9755401221e-07 1.0000000000e+00 2.4707523533e+03 
1.1348859525e-05 1.0000000000e+00 2.0499622249e+03 
9.9998405152e-07 1.0000000000e+00 2.2824024156e+03 
9.9937239582e-07 1.0000000000e+00 2.4655195509e+03 
9.9378682448e-07 1.0000000000e+00 3.1476338415e+03 
9.9739887726e-07 1.0000000000e+00 2.3283290771e+03 
8.9571598543e-07 1.0000000000e+00 2.3835603865e+03 
2.3967349691e-04 1.0000000000e+00 1.9130492160e+03 
2.5222705354e-06 1.0000000000e+00 2.1594164690e+03 
9.9668290510e-07 1.0000000000e+00 2.4425941032e+03 
9.9761459978e-07 1.0000000000e+00 3.0024430293e+03 
9.9773886474e-07 1.0000000000e+00 2.8294813621e+03 
9.9986566459e-07 1.0000000000e+00 2.3013566969e+03 
1.3156694331e-04 1.0000000000e+00 2.7276084972e+03 
9.9900049965e-07 1.0000000000e+00 2.3662731638e+03 
9.9209735135e-07 1.0000000000e+00 2.8160884482e+03 
9.9855418098e-07 1.0000000000e+00 2.9744003635e+03 
9.9774371663e-07 1.0000000000e+00 2.3300934257e+03 
3.5709267620e-06 1.0000000000e+00 2.2257298509e+03 
7.7494941766e-06 1.0000000000e+00 2.0513224015e+03 
0.0000000000e+00 0.0000000000e+00 2.9371961441e+03 
8.2489250658e-07 1.0000000000e+00 2.2621649732e+03 
9.9906888217e-07 1.0000000000e+00 2.7810218480e+03 
9.9727807667e-07 1.0000000000e+00 2.6429103342e+03 
9.9684712792e-07 1.0000000000e+00 2.6916306804e+03 
9.8669695276e-07 1.0000000000e+00 2.5565656333e+03 
9.9960053688e-07 1.0000000000e+00 2.4519128768e+03 
9.9935183375e-07 1.0000000000e+00 2.3751955733e+03 
9.9668531754e-07 1.0000000000e+00 2.3732957820e+03 
9.9978979023e-07 1.0000000000e+00 3.0846868215e+03 
9.9663305596e-07 1.0000000000e+00 2.5518331712e+03 
1.1836353217e-05 1.0000000000e+00 2.0143748465e+03 
4.6363487359e-06 1.0000000000e+00 2.2242036593e+03 
9.9219488988e-07 1.0000000000e+00 2.4094141111e+03 
9.9400103393e-07 1.0000000000e+00 2.5937900315e+03 
9.9833920540e-07 1.0000000000e+00 2.4405946505e+03 
4.8564745427e-05 1.0000000000e+00 2.3387192661e+03 
9.9871282193e-07 1.0000000000e+00 2.3035340540e+03 
9.9921750072e-07 1.0000000000e+00 2.4425116593e+03 
9.9806139793e-07 1.0000000000e+00 2.4441571186e+03 
9.9842356387e-07 1.0000000000e+00 2.2799201396e+03 
9.9820616349e-07 1.0000000000e+00 2.6881180625e+03 
5.3442537435e-06 1.0000000000e+00 2.2317957990e+03 
9.9426303058e-07 1.0000000000e+00 2.4942980685e+03 
1.8596396381e-05 1.0000000000e+00 2.2783702230e+03 
7.5574663006e-06 1.0000000000e+00 2.2797524012e+03 
2.7695645796e-06 1.0000000000e+00 2.8874483287e+03 
3.1355430991e-05 1.0000000000e+00 1.0127492690e+03 
7.6296101600e-07 1.0000000000e+00 2.3852725010e+03 
9.7995478805e-07 1.0000000000e+00 2.3639172678e+03 
9.9982840341e-07 1.0000000000e+00 2.3838900510e+03 
9.9519651731e-07 1.0000000000e+00 3.0127173437e+03 
9.9973361855e-07 1.0000000000e+00 2.2649380965e+03 
4.7071632885e-05 1.0000000000e+00 2.3968679475e+03 
2.6605562618e-05 1.0000000000e+00 2.3046367532e+03 
9.9744668467e-07 1.0000000000e+00 2.6257909544e+03 
9.9917705889e-07 1.0000000000e+00 2.3577120283e+03 
1.6296264473e-06 1.0000000000e+00 2.2999918343e+03 
9.9921282748e-07 1.0000000000e+00 2.4884148309e+03 
9.7078764518e-07 1.0000000000e+00 2.2114929757e+03 
9.7785381057e-07 1.0000000000e+00 2.3169889182e+03 
2.4499794648e-05 1.0000000000e+00 2.0262920858e+03 
9.9683232608e-07 1.0000000000e+00 2.5198220285e+03 
9.9769484989e-07 1.0000000000e+00 2.3163765387e+03 
1.1371015152e-05 1.0000000000e+00 2.0536643677e+03 
7.5646259479e-07 1.0000000000e+00 2.2826224037e+03 
9.9348154609e-07 1.0000000000e+00 2.5514928683e+03 
9.9969509420e-07 1.0000000000e+00 2.4341487077e+03 
6.1120640579e-06 1.0000000000e+00 2.5928726489e+03 
9.9214918786e-07 1.0000000000e+00 2.5065608550e+03 
9.9835613992e-07 1.0000000000e+00 2.7234275951e+03 
5.5950243982e-06 1.0000000000e+00 2.1393127013e+03 
9.2831597801e-07 1.0000000000e+00 2.3758976672e+03 
9.9903853571e-07 1.0000000000e+00 2.2210251379e+03 
3.8815710590e-05 1.0000000000e+00 2.2834017859e+03 
5.0573776788e-05 1.0000000000e+00 9.8311207284e+02 
9.9327267147e-07 1.0000000000e+00 2.5011566243e+03 
9.9910069775e-07 1.0000000000e+00 2.3731432360e+03 
9.9992295134e-07 1.0000000000e+00 2.5138779504e+03 
9.9592751791e-07 1.0000000000e+00 2.5060087255e+03 
3.2240367831e-05 1.0000000000e+00 2.0569342585e+03 
9.9784479979e-07 1.0000000000e+00 2.4926945275e+03 
9.9941836348e-07 1.0000000000e+00 2.3439616948e+03 
1.0755789340e-06 1.0000000000e+00 2.4375075040e+03 
9.9953835240e-07 1.0000000000e+00 2.2701461355e+03 
9.9923304045e-07 1.0000000000e+00 2.2750115394e+03 
3.7934768916e-06 1.0000000000e+00 2.4868919160e+03 
1.8930085583e-05 1.0000000000e+00 1.9393020553e+03 
0.0000000000e+00 0.0000000000e+00 2.7207427459e+03 
3.5070486200e-06 1.0000000000e+00 2.1243083921e+03 
0.0000000000e+00 0.0000000000e+00 2.6533419501e+03 
9.9739983304e-07 1.0000000000e+00 2.2453013785e+03 
9.9415962595e-07 1.0000000000e+00 3.0504531652e+03 
8.4507775039e-07 1.0000000000e+00 2.2588996533e+03 
6.6753416681e-06 1.0000000000e+00 2.2629762288e+03 
9.9613024021e-07 1.0000000000e+00 2.5405672273e+03 
9.9960485804e-07 1.0000000000e+00 2.2962490842e+03 
0.0000000000e+00 0.0000000000e+00 2.7465394004e+03 
9.7152519619e-07 1.0000000000e+00 2.2979865597e+03 
9.9790221560e-07 1.0000000000e+00 2.3221303562e+03 
9.3469147656e-07 1.0000000000e+00 2.2818274827e+03 
9.9957908504e-07 1.0000000000e+00 2.7478713167e+03 
9.9989517734e-07 1.0000000000e+00 2.2832614655e+03 
9.9746343920e-07 1.0000000000e+00 2.3888960619e+03 
9.9809674149e-07 1.0000000000e+00 2.6826463938e+03 
9.9657632195e-07 1.0000000000e+00 2.4519562594e+03 
1.0805735619e-06 1.0000000000e+00 2.1866495934e+03 
9.9737926154e-07 1.0000000000e+00 2.3240729414e+03 
9.9785886250e-07 1.0000000000e+00 2.4017453168e+03 
9.9845094475e-07 1.0000000000e+00 2.4395344198e+03 
1.0293320454e-05 1.0000000000e+00 2.3417829781e+03 
5.2747305952e-05 1.0000000000e+00 5.2434106673e+02 
9.9690231558e-07 1.0000000000e+00 2.4397211695e+03 
9.9853737631e-07 1.0000000000e+00 2.6216355139e+03 
9.9963608297e-07 1.0000000000e+00 2.3846288259e+03 
9.9738402774e-07 1.0000000000e+00 2.3157337920e+03 
9.9822470665e-07 1.0000000000e+00 2.4037109978e+03 
0.0000000000e+00 0.0000000000e+00 2.7723313789e+03 
9.9676846015e-07 1.0000000000e+00 2.4323152473e+03 
9.9960043947e-07 1.0000000000e+00 2.3623531535e+03 
9.9934047473e-07 1.0000000000e+00 2.5758879219e+03 
7.5449551278e-07 1.0000000000e+00 2.4450791726e+03 
6.7527465554e-07 1.0000000000e+00 2.4089188535e+03 
3.7680184135e-05 1.0000000000e+00 2.0330915930e+03 
9.9758634968e-07 1.0000000000e+00 2.3457873362e+03 
9.5935788755e-07 1.0000000000e+00 2.4943638425e+03 
9.9925251959e-07 1.0000000000e+00 2.7165013579e+03 
9.3910889953e-07 1.0000000000e+00 2.3198694660e+03 
9.9746847457e-07 1.0000000000e+00 2.5056081245e+03 
2.6186918806e-05 1.0000000000e+00 2.2582640781e+03 
9.9784056727e-07 1.0000000000e+00 2.3611315328e+03 
9.9785015314e-07 1.0000000000e+00 2.3441029002e+03 
9.9795190242e-07 1.0000000000e+00 2.5198653218e+03 
9.9762168898e-07 1.0000000000e+00 2.3546132940e+03 
9.9794076251e-07 1.0000000000e+00 2.3814303545e+03 
2.8384819184e-05 1.0000000000e+00 2.2440613853e+03 
9.9902550914e-07 1.0000000000e+00 2.3727247635e+03 
4.9889113247e-06 1.0000000000e+00 2.1022992864e+03 
8.5202404458e-07 1.0000000000e+00 2.2923189257e+03 
1.2048731947e-04 1.0000000000e+00 1.1165214021e+03 
9.9928047735e-07 1.0000000000e+00 2.3135687365e+03 
2.5989970048e-06 1.0000000000e+00 2.3532679218e+03 
9.9897719498e-07 1.0000000000e+00 2.5759151026e+03 
2.4557066730e-06 1.0000000000e+00 2.1599388355e+03 
9.9528723482e-07 1.0000000000e+00 2.5627276775e+03 
9.8550707521e-07 1.0000000000e+00 2.2346181712e+03 
9.9711704878e-07 1.0000000000e+00 2.4120160735e+03 
9.9750861268e-07 1.0000000000e+00 2.4380548010e+03 
9.9905451195e-07 1.0000000000e+00 2.8692016353e+03 
1.4580948686e-04 1.0000000000e+00 1.0884605007e+03 
9.9969713847e-07 1.0000000000e+00 2.2288030902e+03 
9.9918597558e-07 1.0000000000e+00 2.3032055181e+03 
9.9570061290e-07 1.0000000000e+00 2.9790399470e+03 
9.9327474645e-07 1.0000000000e+00 2.5054477079e+03 
9.9553854555e-07 1.0000000000e+00 2.5253187262e+03 
9.9874793708e-07 1.0000000000e+00 2.4488633115e+03 
5.2006463684e-05 1.0000000000e+00 2.2686006726e+03 
2.6968482593e-05 1.0000000000e+00 1.8386148948e+03 
9.1707172604e-07 1.0000000000e+00 2.3111199988e+03 
9.9480393636e-07 1.0000000000e+00 2.3716020889e+03 
9.9916939622e-07 1.0000000000e+00 2.1949079887e+03 
9.9960750619e-07 1.0000000000e+00 2.4818912252e+03 
4.2488340490e-04 1.0000000000e+00 8.2444550457e+02 
9.9973871856e-07 1.0000000000e+00 2.3610003728e+03 
9.9583684422e-07 1.0000000000e+00 2.4311389874e+03 
9.9862449949e-07 1.0000000000e+00 2.2217287247e+03 
9.9632357468e-07 1.0000000000e+00 2.5208068877e+03 
9.9537730585e-07 1.0000000000e+00 2.3593232053e+03 
3.9999784681e-06 1.0000000000e+00 2.2371024395e+03 
3.6360774115e-05 1.0000000000e+00 2.2300323155e+03 
0.0000000000e+00 0.0000000000e+00 2.5678428742e+03 
1.4321028068e-05 1.0000000000e+00 2.1445827314e+03 
1.4515435903e-04 1.0000000000e+00 7.9733192436e+02 
9.9945474777e-07 1.0000000000e+00 2.2935117059e+03 
3.2335690897e-05 1.0000000000e+00 2.1496032542e+03 
9.9629225375e-07 1.0000000000e+00 2.3733522452e+03 
5.0019444235e-06 1.0000000000e+00 2.2721592662e+03 
9.9731820367e-07 1.0000000000e+00 2.7274164776e+03 
9.9465820701e-07 1.0000000000e+00 2.7097936814e+03 
7.8365776223e-07 1.0000000000e+00 2.5915519631e+03 
1.2592919368e-06 1.0000000000e+00 2.2861656445e+03 
9.7533433174e-07 1.0000000000e+00 2.3690040738e+03 
9.9417839724e-07 1.0000000000e+00 2.6113552265e+03 
1.5448085717e-05 1.0000000000e+00 2.2639246759e+03 
9.9861051708e-07 1.0000000000e+00 2.2078735834e+03 
9.9977912309e-07 1.0000000000e+00 2.5166304230e+03 
9.9712574084e-07 1.0000000000e+00 2.5627534917e+03 
1.0369641705e-06 1.0000000000e+00 2.3636583463e+03 
9.7658970711e-07 1.0000000000e+00 2.3026206661e+03 
1.0185278279e-05 1.0000000000e+00 2.1937754511e+03 
1.5281229307e-05 1.0000000000e+00 2.6285721380e+03 
9.9854384464e-07 1.0000000000e+00 2.3769498680e+03 
9.9756808855e-07 1.0000000000e+00 2.4755864158e+03 
1.4934431620e-05 1.0000000000e+00 2.5734095965e+03 
9.9149335782e-07 1.0000000000e+00 2.8007666548e+03 
0.0000000000e+00 0.0000000000e+00 2.7057306640e+03 
9.9806213354e-07 1.0000000000e+00 2.5644954611e+03 
3.0560457813e-06 1.0000000000e+00 2.4036440236e+03 
9.9873567007e-07 1.0000000000e+00 2.5100424022e+03 
2.0985494844e-04 1.0000000000e+00 6.8232837220e+02 
4.4680543273e-06 1.0000000000e+00 2.1084970001e+03 
9.9925447456e-07 1.0000000000e+00 2.3384587950e+03 
2.8974231210e-05 1.0000000000e+00 2.0614363585e+03 
9.9946019741e-07 1.0000000000e+00 2.4786903843e+03 
8.3455415614e-07 1.0000000000e+00 2.2660106060e+03 
4.5601586534e-06 1.0000000000e+00 2.5678663037e+03 
9.9968256579e-07 1.0000000000e+00 2.4166903128e+03 
9.9982465570e-07 1.0000000000e+00 2.3205219156e+03 
7.4660445921e-05 1.0000000000e+00 4.0395084211e+02 
0.0000000000e+00 0.0000000000e+00 2.7438271671e+03 
9.9864518848e-07 1.0000000000e+00 2.4454169216e+03 
9.9744577532e-07 1.0000000000e+00 2.6898266841e+03 
1.4399437112e-06 1.0000000000e+00 2.6489328286e+03 
2.1835446921e-06 1.0000000000e+00 2.2188652814e+03 
9.9449159377e-07 1.0000000000e+00 2.5502045768e+03 
9.5069347296e-07 1.0000000000e+00 2.1640155857e+03 
1.6076950216e-05 1.0000000000e+00 2.0538420712e+03 
9.9721398830e-07 1.0000000000e+00 2.2562423541e+03 
9.9581025690e-07 1.0000000000e+00 2.5355709458e+03 
9.9970639015e-07 1.0000000000e+00 2.6189791388e+03 
6.1018943402e-06 1.0000000000e+00 2.1404079277e+03 
1.0613901073e-06 1.0000000000e+00 2.4372028973e+03 
9.9900007138e-07 1.0000000000e+00 2.3214568679e+03 
9.9991735486e-07 1.0000000000e+00 2.4181486349e+03 
9.9388766156e-07 1.0000000000e+00 2.6338023037e+03 
4.2166111103e-05 1.0000000000e+00 2.1410821217e+03 
3.3534788111e-05 1.0000000000e+00 2.3388062536e+03 
1.4892011514e-05 1.0000000000e+00 1.7908350543e+03 
9.9091248718e-07 1.0000000000e+00 2.0336420121e+03 
9.9782323421e-07 1.0000000000e+00 2.5947824643e+03 
2.3283590843e-06 1.0000000000e+00 2.2512076372e+03 
9.9779677511e-07 1.0000000000e+00 2.5653269661e+03 
9.9375165779e-07 1.0000000000e+00 2.5267740118e+03 
9.9798191192e-07 1.0000000000e+00 2.3817294158e+03 
9.9987198437e-07 1.0000000000e+00 2.6393688399e+03 
9.9825310995e-07 1.0000000000e+00 2.9267323437e+03 
9.6056314815e-07 1.0000000000e+00 2.3298073112e+03 
2.5059442477e-05 1.0000000000e+00 1.9178610323e+03 
9.9959464683e-07 1.0000000000e+00 2.4726927221e+03 
1.6980970978e-06 1.0000000000e+00 2.2100708231e+03 
9.9785386580e-07 1.0000000000e+00 2.1931385195e+03 
5.4909632933e-06 1.0000000000e+00 2.2607104787e+03 
9.5356779981e-07 1.0000000000e+00 2.3083499702e+03 
9.9992129823e-07 1.0000000000e+00 2.9256030163e+03 
9.9535722796e-07 1.0000000000e+00 2.4350156158e+03 
9.9804465486e-07 1.0000000000e+00 2.6136400840e+03 
9.9916072162e-07 1.0000000000e+00 2.4243855841e+03 
9.9936747087e-07 1.0000000000e+00 2.2153293255e+03 
1.8080231113e-05 1.0000000000e+00 2.4671236054e+03 
9.9758527263e-07 1.0000000000e+00 2.4577090676e+03 
9.9985499461e-07 1.0000000000e+00 2.2261891469e+03 
9.9909897642e-07 1.0000000000e+00 2.4282018108e+03 
9.9939641987e-07 1.0000000000e+00 2.1900368718e+03 
1.0101451585e-05 1.0000000000e+00 1.7712224818e+03 
9.9799619479e-07 1.0000000000e+00 2.5351609296e+03 
9.6656633678e-07 1.0000000000e+00 2.2835998456e+03 
9.9871182699e-07 1.0000000000e+00 2.5290239449e+03 
9.9775676137e-07 1.0000000000e+00 2.4160246764e+03 
9.6428568177e-06 1.0000000000e+00 2.0500869384e+03 
9.8713725136e-07 1.0000000000e+00 2.9971197246e+03 
9.6961803847e-07 1.0000000000e+00 2.2402610577e+03 
9.9504220281e-07 1.0000000000e+00 2.8862366949e+03 
9.9913717455e-07 1.0000000000e+00 2.7996805563e+03 
9.9786031066e-07 1.0000000000e+00 2.3806436303e+03 
9.9128646415e-07 1.0000000000e+00 2.5645213369e+03 
7.9135726041e-07 1.0000000000e+00 2.2038891266e+03 
9.9992836260e-07 1.0000000000e+00 2.3515443356e+03 
9.9744053888e-07 1.0000000000e+00 2.5282539616e+03 
9.4737306990e-07 1.0000000000e+00 2.4666173745e+03 
9.9779980976e-07 1.0000000000e+00 2.4656543402e+03 
1.1455758123e-06 1.0000000000e+00 2.3853890639e+03 
9.9831586791e-07 1.0000000000e+00 2.5711868242e+03 
1.3615551099e-05 1.0000000000e+00 2.1326817685e+03 
9.9917723701e-07 1.0000000000e+00 2.5704016019e+03 
1.3620916680e-05 1.0000000000e+00 2.1601326563e+03 
9.9817294951e-07 1.0000000000e+00 2.5367787625e+03 
9.9752376240e-07 1.0000000000e+00 2.4848346525e+03 
9.9745286134e-07 1.0000000000e+00 2.3177838472e+03 
9.9934622266e-07 1.0000000000e+00 2.1264701095e+03 
1.2422487991e-06 1.0000000000e+00 2.2122404403e+03 
9.9945539931e-07 1.0000000000e+00 2.4578252460e+03 
9.9803171082e-07 1.0000000000e+00 2.5448652556e+03 
9.9703784671e-07 1.0000000000e+00 2.2712709623e+03 
1.7783720591e-05 1.0000000000e+00 2.0624929442e+03 
9.9883760843e-07 1.0000000000e+00 2.4188142035e+03 
9.9942910014e-07 1.0000000000e+00 2.4369784183e+03 
9.9921115161e-07 1.0000000000e+00 2.0770339346e+03 
9.9754261989e-07 1.0000000000e+00 2.6994076605e+03 
9.9870933513e-07 1.0000000000e+00 2.5853507652e+03 
9.9795055373e-07 1.0000000000e+00 2.4062248576e+03 
9.9999124272e-07 1.0000000000e+00 3.0296370132e+03 
7.5827266073e-06 1.0000000000e+00 2.1436907535e+03 
4.4358434116e-04 1.0000000000e+00 2.5024135386e+03 
9.9905962058e-07 1.0000000000e+00 2.5376134326e+03 
2.9917944882e-06 1.0000000000e+00 2.2360000214e+03 
9.9787306288e-07 1.0000000000e+00 2.2891482471e+03 
9.9946339886e-07 1.0000000000e+00 2.3991093591e+03 
9.9967658176e-07 1.0000000000e+00 2.4821245928e+03 
8.1191365758e-06 1.0000000000e+00 2.4517729784e+03 
9.8798575755e-07 1.0000000000e+00 2.2204277923e+03 
9.9295276232e-07 1.0000000000e+00 2.6130652765e+03 
9.9302027667e-07 1.0000000000e+00 2.6431160906e+03 
9.9755302668e-07 1.0000000000e+00 2.8666875640e+03 
1.5758891802e-06 1.0000000000e+00 2.2890497839e+03 
9.9886537213e-07 1.0000000000e+00 2.3177210051e+03 
9.9539304077e-07 1.0000000000e+00 2.6640723966e+03 
9.9971614842e-07 1.0000000000e+00 2.3239280987e+03 
1.8620979767e-04 1.0000000000e+00 2.6751337607e+03 
9.9541751688e-07 1.0000000000e+00 2.7237965315e+03 
9.9890804693e-07 1.0000000000e+00 2.8369407241e+03 
9.9892936539e-07 1.0000000000e+00 2.4297279236e+03 
2.3175685499e-06 1.0000000000e+00 2.2890493622e+03 
1.5956996997e-06 1.0000000000e+00 2.2084994949e+03 
1.3268137857e-05 1.0000000000e+00 1.8668811079e+03 
9.9846367310e-07 1.0000000000e+00 2.6412104047e+03 
9.9996591619e-07 1.0000000000e+00 2.3050294294e+03 
9.9100237242e-07 1.0000000000e+00 2.9342582932e+03 
1.0512521601e-05 1.0000000000e+00 1.9855647514e+03 
9.9420669965e-07 1.0000000000e+00 2.7723111384e+03 
9.9804100803e-07 1.0000000000e+00 2.4613731855e+03 
9.9731085455e-07 1.0000000000e+00 2.2938739307e+03 
9.9667923782e-07 1.0000000000e+00 2.3270533159e+03 
1.0187658326e-05 1.0000000000e+00 2.1245805519e+03 
9.8734079715e-07 1.0000000000e+00 2.3320811256e+03 
9.9662453036e-07 1.0000000000e+00 2.3509393547e+03 
9.9752283085e-07 1.0000000000e+00 2.5189329316e+03 
9.9768364763e-07 1.0000000000e+00 2.2669439993e+03 
9.9882681033e-07 1.0000000000e+00 2.4981357942e+03 
5.3620942434e-06 1.0000000000e+00 2.6116574966e+03 
9.9815774884e-07 1.0000000000e+00 2.5498504632e+03 
9.9941905490e-07 1.0000000000e+00 2.4166812632e+03 
9.9583634084e-07 1.0000000000e+00 2.3400601536e+03 
9.9416890862e-07 1.0000000000e+00 2.5653395580e+03 
9.9152848283e-07 1.0000000000e+00 2.5170154627e+03 
9.9214806376e-07 1.0000000000e+00 2.6006430172e+03 
9.9215496198e-07 1.0000000000e+00 2.6570616693e+03 
9.9889813022e-07 1.0000000000e+00 2.2289558084e+03 
9.9569828489e-07 1.0000000000e+00 2.4721946798e+03 
9.9835482366e-07 1.0000000000e+00 2.8830104448e+03 
2.7379471383e-06 1.0000000000e+00 2.2620673141e+03 
9.9869642878e-07 1.0000000000e+00 2.3193096984e+03 
9.8743123302e-07 1.0000000000e+00 3.1664864761e+03 
9.9294214194e-07 1.0000000000e+00 2.7907465344e+03 
9.9014492838e-06 1.0000000000e+00 2.2831252671e+03 
9.9951894206e-07 1.0000000000e+00 2.5863403898e+03 
9.9754486075e-07 1.0000000000e+00 2.2613487471e+03 
9.9778919442e-07 1.0000000000e+00 2.1722665141e+03 
9.9778430741e-07 1.0000000000e+00 2.5054733449e+03 
1.1185104038e-05 1.0000000000e+00 2.1521682320e+03 
9.9622792707e-07 1.0000000000e+00 2.5040854097e+03 
1.2084137016e-06 1.0000000000e+00 2.3121664467e+03 
9.9196653962e-07 1.0000000000e+00 2.6030687526e+03 
9.9429799810e-07 1.0000000000e+00 2.7364155053e+03 
9.9655065208e-07 1.0000000000e+00 2.5544479386e+03 
9.9866273388e-07 1.0000000000e+00 2.5630316051e+03 
9.2466637744e-07 1.0000000000e+00 2.3664059573e+03 
9.9995077780e-07 1.0000000000e+00 2.3779239472e+03 
9.9302268978e-07 1.0000000000e+00 2.6081318840e+03 
1.3990182173e-05 1.0000000000e+00 2.2525819332e+03 
9.9934855838e-07 1.0000000000e+00 2.3567025258e+03 
9.9681213371e-07 1.0000000000e+00 2.1893594621e+03 
9.9888387511e-07 1.0000000000e+00 2.4196842589e+03 
4.8922884321e-05 1.0000000000e+00 2.2912428264e+03 
9.9491557554e-07 1.0000000000e+00 2.7766201270e+03 
5.5279513220e-06 1.0000000000e+00 2.3153401196e+03 
9.9000953796e-07 1.0000000000e+00 2.9344424096e+03 
2.9473467877e-05 1.0000000000e+00 2.6811661988e+03 
9.9982728017e-07 1.0000000000e+00 2.4144300805e+03 
9.9736025758e-07 1.0000000000e+00 2.4338596687e+03 
0.0000000000e+00 0.0000000000e+00 3.1095413457e+03 
8.9038268553e-05 1.0000000000e+00 2.3317088479e+03 
9.9154821709e-07 1.0000000000e+00 2.9947008671e+03 
9.9764412683e-07 1.0000000000e+00 2.4650731682e+03 
3.9748545987e-05 1.0000000000e+00 1.0213705570e+03 
2.8211795405e-05 1.0000000000e+00 1.9647020184e+03 
7.1703238575e-05 1.0000000000e+00 2.7653514358e+03 
9.9350394201e-07 1.0000000000e+00 2.9209431954e+03 
1.7568344844e-06 1.0000000000e+00 2.1151857172e+03 
9.9771127452e-07 1.0000000000e+00 2.4400482175e+03 
5.1818888968e-06 1.0000000000e+00 2.2390264930e+03 
9.9928018735e-07 1.0000000000e+00 2.5592748807e+03 
9.9636818073e-07 1.0000000000e+00 2.4048786870e+03 
2.2653390447e-06 1.0000000000e+00 2.1762584259e+03 
9.9994351957e-07 1.0000000000e+00 2.2874097753e+03 
1.4063870117e-05 1.0000000000e+00 2.2182509305e+03 
9.9829673786e-07 1.0000000000e+00 2.3600092444e+03 
9.9982163153e-07 1.0000000000e+00 2.2985570908e+03 
9.9959408746e-07 1.0000000000e+00 2.7781025212e+03 
8.4734984095e-07 1.0000000000e+00 2.3195173388e+03 
1.1060846622e-04 1.0000000000e+00 2.2083313491e+03 
1.0347331935e-05 1.0000000000e+00 2.6665925296e+03 
9.9950183011e-07 1.0000000000e+00 2.6249288725e+03 
9.9579514938e-07 1.0000000000e+00 2.5404725587e+03 
9.9949373951e-07 1.0000000000e+00 2.5336657283e+03 
8.1732889862e-06 1.0000000000e+00 2.1593079367e+03 
9.9989824151e-07 1.0000000000e+00 2.3094209070e+03 
9.9730096585e-07 1.0000000000e+00 2.5954463182e+03 
2.3793431684e-05 1.0000000000e+00 2.0098088514e+03 
9.9681508958e-07 1.0000000000e+00 2.3963036762e+03 
1.1161980162e-05 1.0000000000e+00 2.2390665142e+03 
9.9944438532e-07 1.0000000000e+00 2.6890821619e+03 
8.2900816905e-07 1.0000000000e+00 2.3670120393e+03 
9.9562489006e-07 1.0000000000e+00 2.3481668493e+03 
9.9973772073e-07 1.0000000000e+00 2.3130767606e+03 
9.9946176280e-07 1.0000000000e+00 2.5451662536e+03 
9.9711521969e-07 1.0000000000e+00 2.4364544146e+03 
8.0124480070e-06 1.0000000000e+00 2.3352886431e+03 
1.2504254683e-06 1.0000000000e+00 2.1639374566e+03 
3.2987640235e-05 1.0000000000e+00 2.1843262981e+03 
9.8977607088e-07 1.0000000000e+00 2.2810279634e+03 
1.6685998324e-05 1.0000000000e+00 2.6847222978e+03 
9.9829385003e-07 1.0000000000e+00 2.4130209646e+03 
9.9873203008e-07 1.0000000000e+00 2.6620624008e+03 
9.9917859184e-07 1.0000000000e+00 2.9175162002e+03 
3.1742938135e-06 1.0000000000e+00 2.2384013674e+03 
0.0000000000e+00 0.0000000000e+00 3.0798536472e+03 
5.2126084832e-05 1.0000000000e+00 1.3587312106e+03 
9.9841736509e-07 1.0000000000e+00 2.5759278312e+03 
9.9525995724e-07 1.0000000000e+00 2.4629974842e+03 
9.9498141237e-07 1.0000000000e+00 2.4527030911e+03 
9.9464678050e-07 1.0000000000e+00 2.4753035087e+03 
9.9837955840e-07 1.0000000000e+00 2.2230578066e+03 
9.9769814837e-07 1.0000000000e+00 2.4704746230e+03 
9.9720863201e-07 1.0000000000e+00 2.9440971833e+03 
9.9904914526e-07 1.0000000000e+00 2.3657884011e+03 
9.9284570255e-07 1.0000000000e+00 2.5154823154e+03 
8.8710596711e-07 1.0000000000e+00 2.3068698288e+03 
9.9832307590e-07 1.0000000000e+00 2.2952183165e+03 
9.8703738885e-07 1.0000000000e+00 2.2199360285e+03 
9.9602317454e-07 1.0000000000e+00 2.2664076430e+03 
9.9433674291e-07 1.0000000000e+00 2.4640851178e+03 
9.9383745872e-07 1.0000000000e+00 2.6206113254e+03 
9.9658929261e-07 1.0000000000e+00 2.5663826465e+03 
5.7041775626e-06 1.0000000000e+00 2.2304663234e+03 
9.9671741484e-07 1.0000000000e+00 2.4003838903e+03 
4.3597672708e-06 1.0000000000e+00 2.1647986664e+03 
9.9911803122e-07 1.0000000000e+00 2.4331730824e+03 
9.9389446100e-07 1.0000000000e+00 2.3775222668e+03 
9.9691631624e-07 1.0000000000e+00 2.4074465877e+03 
9.9829151518e-07 1.0000000000e+00 2.3741918572e+03 
7.3442888581e-06 1.0000000000e+00 2.2733488832e+03 
9.9983726813e-07 1.0000000000e+00 2.5092029971e+03 
9.9912531901e-07 1.0000000000e+00 2.2498955845e+03 
9.9463739890e-07 1.0000000000e+00 2.7826822369e+03 
1.1987094718e-05 1.0000000000e+00 1.3017677928e+03 
6.9579691657e-06 1.0000000000e+00 2.5559245257e+03 
9.9899005257e-07 1.0000000000e+00 2.4768178249e+03 
9.9418435302e-07 1.0000000000e+00 2.2386138604e+03 
9.9797718857e-07 1.0000000000e+00 2.2614192833e+03 
9.9832527680e-07 1.0000000000e+00 2.4217337880e+03 
9.9772025446e-07 1.0000000000e+00 3.0773489433e+03 
9.6392269370e-07 1.0000000000e+00 2.2888095385e+03 
9.9915424684e-07 1.0000000000e+00 2.4383928153e+03 
9.9767926080e-07 1.0000000000e+00 2.7963931383e+03 
9.9104774988e-07 1.0000000000e+00 2.5459909171e+03 
9.9813812288e-07 1.0000000000e+00 2.5344949871e+03 
9.9542779159e-07 1.0000000000e+00 2.5332410369e+03 
9.9797566327e-07 1.0000000000e+00 2.1996935578e+03 
9.9775088747e-07 1.0000000000e+00 2.3684921854e+03 
9.9887037305e-07 1.0000000000e+00 2.5041151917e+03 
9.2208944956e-07 1.0000000000e+00 2.5478252325e+03 
9.9586430236e-07 1.0000000000e+00 2.7146071000e+03 
5.6549982356e-05 1.0000000000e+00 6.3151606107e+02 
9.9912142748e-07 1.0000000000e+00 2.5458575012e+03 
9.8020595771e-07 1.0000000000e+00 2.3580787696e+03 
9.9933919903e-07 1.0000000000e+00 2.3399671334e+03 
9.9932831677e-07 1.0000000000e+00 2.3957074409e+03 
9.9783558133e-07 1.0000000000e+00 2.3941329603e+03 
9.9994555234e-07 1.0000000000e+00 2.2794789627e+03 
9.2929779402e-07 1.0000000000e+00 2.2762281059e+03 
1.9965136258e-05 1.0000000000e+00 5.4429647627e+02 
3.3246562558e-05 1.0000000000e+00 2.3383968139e+03 
8.2937437313e-07 1.0000000000e+00 2.3579625686e+03 
9.9887820883e-07 1.0000000000e+00 2.2310863130e+03 
1.3322263243e-05 1.0000000000e+00 2.0361430158e+03 
1.5731061730e-05 1.0000000000e+00 2.2566657534e+03 
8.7998471463e-05 1.0000000000e+00 2.5351577439e+03 
7.3264236103e-06 1.0000000000e+00 2.2372533067e+03 
9.9957683648e-07 1.0000000000e+00 2.3960777586e+03 
9.4596534516e-07 1.0000000000e+00 2.2540774129e+03 
9.9668327498e-07 1.0000000000e+00 2.7284671200e+03 
9.5638492480e-07 1.0000000000e+00 2.3290095081e+03 
9.9935942634e-07 1.0000000000e+00 2.7812302965e+03 
9.9688646791e-07 1.0000000000e+00 2.4062580776e+03 
9.9657127780e-07 1.0000000000e+00 2.5693425881e+03 
9.9596839383e-07 1.0000000000e+00 2.4402004864e+03 
9.9486058992e-07 1.0000000000e+00 2.3576031304e+03 
9.9826240322e-07 1.0000000000e+00 2.6368090546e+03 
9.9683726477e-07 1.0000000000e+00 2.4212731809e+03 
1.1851704897e-05 1.0000000000e+00 2.7130253783e+03 
2.0776906732e-05 1.0000000000e+00 2.0791087361e+03 
9.9963550193e-07 1.0000000000e+00 2.5068288933e+03 
9.9927734600e-07 1.0000000000e+00 2.4925633739e+03 
1.8459643907e-05 1.0000000000e+00 2.1415866920e+03 
9.9258110441e-07 1.0000000000e+00 2.6350632460e+03 
9.9824522408e-07 1.0000000000e+00 2.3453425410e+03 
1.4064395758e-06 1.0000000000e+00 2.4119884812e+03 
4.0893675268e-05 1.0000000000e+00 2.0852462855e+03 
1.2224918378e-06 1.0000000000e+00 2.1197862481e+03 
9.9832438546e-07 1.0000000000e+00 2.3493674414e+03 
7.7497413316e-06 1.0000000000e+00 2.1988970227e+03 
1.6592524712e-04 1.0000000000e+00 2.1139658331e+03 
0.0000000000e+00 0.0000000000e+00 2.6323192215e+03 
9.9982008509e-07 1.0000000000e+00 2.9475346484e+03 
9.9542336513e-07 1.0000000000e+00 2.5728560453e+03 
9.9932472248e-07 1.0000000000e+00 2.2935421827e+03 
9.7364364301e-07 1.0000000000e+00 2.3769148776e+03 
9.9378585924e-07 1.0000000000e+00 2.7900152534e+03 
1.0354029866e-05 1.0000000000e+00 1.9434768649e+03 
9.9568940298e-07 1.0000000000e+00 2.3814226788e+03 
9.9999054423e-07 1.0000000000e+00 2.2744722706e+03 
9.9745938492e-07 1.0000000000e+00 2.4885174970e+03 
9.9944865988e-07 1.0000000000e+00 2.4163912942e+03 
9.9893405862e-07 1.0000000000e+00 2.2747872026e+03 
9.9637767944e-07 1.0000000000e+00 2.5252347390e+03 
9.8262990627e-07 1.0000000000e+00 2.3034792294e+03 
6.3856831270e-06 1.0000000000e+00 2.2549255353e+03 
9.9644907999e-07 1.0000000000e+00 2.3374455503e+03 
9.9973864862e-07 1.0000000000e+00 2.2374714808e+03 
1.8844053004e-05 1.0000000000e+00 2.4427477519e+03 
9.9761684800e-07 1.0000000000e+00 2.4386532768e+03 
4.0449508285e-05 1.0000000000e+00 2.2533554046e+03 
9.9554390642e-07 1.0000000000e+00 2.5640129188e+03 
9.8171656853e-07 1.0000000000e+00 2.3849308595e+03 
9.9760490742e-07 1.0000000000e+00 2.3456103598e+03 
1.4775552523e-06 1.0000000000e+00 2.3976975097e+03 
9.9834082007e-07 1.0000000000e+00 2.2602287195e+03 
1.0219616815e-05 1.0000000000e+00 1.8968727196e+03 
8.4833859953e-07 1.0000000000e+00 2.4532775657e+03 
9.9712365095e-07 1.0000000000e+00 2.4195489445e+03 
9.9836605511e-07 1.0000000000e+00 2.4432075484e+03 
1.6910927569e-06 1.0000000000e+00 2.2807492176e+03 
6.6513836124e-07 1.0000000000e+00 2.2412914173e+03 
9.5356020040e-07 1.0000000000e+00 2.3905177836e+03 
9.9374543768e-07 1.0000000000e+00 3.0055850192e+03 
9.0351195683e-05 1.0000000000e+00 5.3039853625e+02 
9.9649075049e-07 1.0000000000e+00 2.8209030155e+03 
9.9877460368e-07 1.0000000000e+00 2.7979759765e+03 
0.0000000000e+00 0.0000000000e+00 2.2728507078e+03 
1.2733546709e-05 1.0000000000e+00 1.8307939150e+03 
3.3553834220e-05 1.0000000000e+00 2.4778668304e+03 
9.9252995382e-07 1.0000000000e+00 2.6812634554e+03 
9.9832735907e-07 1.0000000000e+00 2.4952554494e+03 
9.9550745196e-07 1.0000000000e+00 2.5481455561e+03 
1.2087781632e-05 1.0000000000e+00 7.6256859187e+02 
9.7470320920e-07 1.0000000000e+00 2.2796415547e+03 
1.7611417129e-04 1.0000000000e+00 2.6379976181e+03 
2.2292633380e-05 1.0000000000e+00 2.2390007907e+03 
9.9990175061e-07 1.0000000000e+00 2.4989480096e+03 
9.9976159449e-07 1.0000000000e+00 2.3423727240e+03 
6.8961989700e-06 1.0000000000e+00 2.5257565745e+03 
9.9793736929e-07 1.0000000000e+00 2.3392892376e+03 
3.6759599566e-06 1.0000000000e+00 2.2767680135e+03 
9.9818720140e-07 1.0000000000e+00 2.5084999671e+03 
9.9978536652e-07 1.0000000000e+00 2.5667657267e+03 
9.9884579436e-06 1.0000000000e+00 2.2763034113e+03 
9.9827035806e-07 1.0000000000e+00 2.5669083631e+03 
9.4358953628e-07 1.0000000000e+00 2.2146522206e+03 
9.9933299769e-07 1.0000000000e+00 2.3820969907e+03 
1.5018182335e-05 1.0000000000e+00 2.2056659788e+03 
9.3777458429e-07 1.0000000000e+00 2.3844984013e+03 
9.9969883657e-07 1.0000000000e+00 2.1947251359e+03 
1.0798176764e-04 1.0000000000e+00 2.4310927211e+03 
9.9698281170e-07 1.0000000000e+00 2.3763453315e+03 
9.9903711612e-07 1.0000000000e+00 2.3540496612e+03 
9.9900270500e-07 1.0000000000e+00 2.2777431648e+03 
9.9919744274e-07 1.0000000000e+00 2.5179761773e+03 
9.9826788610e-07 1.0000000000e+00 2.5513490112e+03 
9.9924777862e-07 1.0000000000e+00 2.3246241092e+03 
9.9943563436e-07 1.0000000000e+00 2.2896541749e+03 
9.9277040870e-07 1.0000000000e+00 2.6624405144e+03 
8.9488401116e-07 1.0000000000e+00 2.5482825171e+03 
9.9783295700e-07 1.0000000000e+00 2.6541133157e+03 
9.9584980677e-07 1.0000000000e+00 2.3973238045e+03 
9.9934323129e-07 1.0000000000e+00 2.4382128302e+03 
0.0000000000e+00 0.0000000000e+00 2.8856872215e+03 
8.7004926496e-05 1.0000000000e+00 2.3218009589e+03 
9.9419538391e-07 1.0000000000e+00 2.7278641955e+03 
9.9996589885e-07 1.0000000000e+00 2.4176077290e+03 
9.9822584586e-07 1.0000000000e+00 2.3349411185e+03 
1.5498287071e-05 1.0000000000e+00 2.4259171657e+03 
9.9902131465e-07 1.0000000000e+00 2.2327512153e+03 
1.2773326754e-06 1.0000000000e+00 2.3548042958e+03 
9.9947838481e-07 1.0000000000e+00 2.6452656503e+03 
9.9242548106e-07 1.0000000000e+00 2.8948969764e+03 
9.9780589973e-07 1.0000000000e+00 2.1888924088e+03 
9.9692853292e-07 1.0000000000e+00 2.5623775604e+03 
2.1535406397e-05 1.0000000000e+00 1.6965797733e+03 
5.0495033583e-05 1.0000000000e+00 2.3737135261e+03 
3.2220490072e-05 1.0000000000e+00 2.2162653432e+03 
9.9495084813e-07 1.0000000000e+00 2.5799068914e+03 
9.8863870587e-07 1.0000000000e+00 2.6824449112e+03 
9.9857862461e-07 1.0000000000e+00 2.6191011354e+03 
9.9940903190e-07 1.0000000000e+00 2.3449700615e+03 
0.0000000000e+00 0.0000000000e+00 2.3256359493e+03 
9.9710528765e-07 1.0000000000e+00 2.4524451921e+03 
4.2934175607e-06 1.0000000000e+00 2.1927733157e+03 
1.1035582742e-05 1.0000000000e+00 2.2392338384e+03 
9.9103937061e-07 1.0000000000e+00 3.0766958103e+03 
3.2041662335e-06 1.0000000000e+00 2.2963854312e+03 
9.9746585974e-07 1.0000000000e+00 2.4479354599e+03 
4.1944509477e-04 1.0000000000e+00 2.6021642694e+03 
9.8554203461e-07 1.0000000000e+00 2.2409703877e+03 
9.9573278772e-07 1.0000000000e+00 2.5409205816e+03 
9.8593751859e-07 1.0000000000e+00 2.5738074028e+03 
1.7198280110e-05 1.0000000000e+00 2.1886926411e+03 
1.7049747408e-06 1.0000000000e+00 2.3021034501e+03 
9.9680061718e-07 1.0000000000e+00 2.4718595971e+03 
9.9927470715e-07 1.0000000000e+00 2.5486660317e+03 
6.1059926760e-06 1.0000000000e+00 2.1838759441e+03 
9.8461886414e-07 1.0000000000e+00 3.1615957095e+03 
9.9781734574e-07 1.0000000000e+00 2.2663107360e+03 
9.9955589623e-07 1.0000000000e+00 2.6075753218e+03 
1.3440640513e-04 1.0000000000e+00 2.3284775547e+03 
9.9788588039e-07 1.0000000000e+00 2.2923174808e+03 
9.4709405933e-07 1.0000000000e+00 2.3622434104e+03 
9.9584427202e-07 1.0000000000e+00 2.5014361109e+03 
9.9281266378e-07 1.0000000000e+00 2.1494672768e+03 
9.9605784905e-07 1.0000000000e+00 2.6575009171e+03 
9.9971943025e-07 1.0000000000e+00 2.5719936985e+03 
9.9573390347e-07 1.0000000000e+00 2.7682366203e+03 
2.6423280478e-05 1.0000000000e+00 2.0582851227e+03 
9.9440274054e-07 1.0000000000e+00 2.3682259673e+03 
1.8827666270e-06 1.0000000000e+00 2.3045348537e+03 
9.9544287530e-07 1.0000000000e+00 2.4344941132e+03 
1.6561852770e-05 1.0000000000e+00 2.0645047458e+03 
9.9869760189e-07 1.0000000000e+00 2.4428387475e+03 
1.9682314613e-05 1.0000000000e+00 9.1264408705e+02 
9.9049964296e-07 1.0000000000e+00 2.6424266928e+03 
9.9515922729e-07 1.0000000000e+00 2.4701289168e+03 
9.9804319596e-07 1.0000000000e+00 2.4969113687e+03 
9.9737029768e-07 1.0000000000e+00 2.4583838460e+03 
4.1139815746e-05 1.0000000000e+00 2.0996277290e+03 
9.9375945036e-07 1.0000000000e+00 2.6938126607e+03 
9.9713044323e-07 1.0000000000e+00 2.6810684929e+03 
4.3628925269e-06 1.0000000000e+00 2.1080298585e+03 
9.9821813786e-07 1.0000000000e+00 2.4182173092e+03 
3.1099931678e-06 1.0000000000e+00 2.2658681874e+03 
9.6579456271e-07 1.0000000000e+00 2.3456470246e+03 
9.9595021539e-07 1.0000000000e+00 2.3296772240e+03 
9.9396762695e-07 1.0000000000e+00 2.5759175004e+03 
9.9797499230e-07 1.0000000000e+00 2.5558875463e+03 
9.8906386599e-07 1.0000000000e+00 2.8047773007e+03 
9.9587199392e-07 1.0000000000e+00 2.7694521473e+03 
9.9998061850e-07 1.0000000000e+00 2.0473900826e+03 
7.9560514056e-07 1.0000000000e+00 2.6346122771e+03 
1.0621571337e-04 1.0000000000e+00 2.3266488750e+03 
9.9505776970e-07 1.0000000000e+00 2.5205355839e+03 
9.9947247813e-07 1.0000000000e+00 2.5062708776e+03 
2.3168228571e-06 1.0000000000e+00 2.3384253615e+03 
1.3583587554e-05 1.0000000000e+00 2.1737579948e+03 
9.9689014530e-07 1.0000000000e+00 2.6569836613e+03 
1.0139165281e-05 1.0000000000e+00 2.1401412133e+03 
2.2062701345e-05 1.0000000000e+00 2.0470243885e+03 
9.9495532999e-07 1.0000000000e+00 2.6402809862e+03 
3.7362847060e-06 1.0000000000e+00 2.3078486643e+03 
2.6756717469e-05 1.0000000000e+00 2.4772949116e+03 
9.9775816855e-07 1.0000000000e+00 2.3091946233e+03 
9.9599957793e-07 1.0000000000e+00 2.5085358318e+03 
9.9959260710e-07 1.0000000000e+00 2.2938806800e+03 
9.9848403542e-07 1.0000000000e+00 2.2923914387e+03 
9.8879085940e-07 1.0000000000e+00 2.2591404426e+03 
9.8557349666e-07 1.0000000000e+00 2.3511347878e+03 
9.2176064032e-07 1.0000000000e+00 2.2651695009e+03 
1.9898097877e-04 1.0000000000e+00 2.3705173408e+03 
1.2366163873e-05 1.0000000000e+00 2.6001008947e+03 
9.9786889490e-07 1.0000000000e+00 2.2427216365e+03 
4.5602710347e-05 1.0000000000e+00 2.3388907258e+03 
9.9835470061e-07 1.0000000000e+00 2.6076191669e+03 
9.9963865688e-07 1.0000000000e+00 2.4040052309e+03 
9.9906384087e-07 1.0000000000e+00 2.5245310967e+03 
9.9876485524e-07 1.0000000000e+00 2.3707059661e+03 
9.9707854697e-07 1.0000000000e+00 2.5155323732e+03 
9.9699703121e-07 1.0000000000e+00 2.5003947763e+03 
9.1587457128e-07 1.0000000000e+00 2.2853266143e+03 
9.8600952662e-07 1.0000000000e+00 2.3983423023e+03 
9.9706035807e-07 1.0000000000e+00 2.5712565791e+03 
1.6486061254e-05 1.0000000000e+00 1.8247384410e+03 
9.9749074355e-07 1.0000000000e+00 2.3875246175e+03 
9.9731335388e-07 1.0000000000e+00 2.4300503235e+03 
9.9852517877e-07 1.0000000000e+00 2.3842868138e+03 
9.9617760391e-07 1.0000000000e+00 2.5411900947e+03 
9.9924776535e-07 1.0000000000e+00 2.6231168766e+03 
9.9953405400e-07 1.0000000000e+00 2.2563994324e+03 
9.3160981346e-06 1.0000000000e+00 1.3625347703e+03 
8.5639043540e-07 1.0000000000e+00 2.3233833559e+03 
9.9839680533e-07 1.0000000000e+00 2.5037062006e+03 
9.9106959265e-07 1.0000000000e+00 2.7785386761e+03 
9.9262507471e-07 1.0000000000e+00 2.7422590392e+03 
9.9696533724e-07 1.0000000000e+00 2.7024735720e+03 
3.5618820551e-06 1.0000000000e+00 2.2102935505e+03 
1.5376985649e-06 1.0000000000e+00 2.2459002679e+03 
1.6108234136e-05 1.0000000000e+00 2.0000009076e+03 
9.9459920679e-07 1.0000000000e+00 2.5554470502e+03 
9.9883277861e-07 1.0000000000e+00 2.2910790014e+03 
4.6334989477e-06 1.0000000000e+00 2.7619620947e+03 
1.6053529318e-05 1.0000000000e+00 1.9565604955e+03 
9.9556502991e-07 1.0000000000e+00 2.4278662499e+03 
9.6269863194e-07 1.0000000000e+00 2.2241409388e+03 
9.9713085478e-07 1.0000000000e+00 2.4005299623e+03 
9.9595826119e-07 1.0000000000e+00 2.4523050764e+03 
9.9932737162e-07 1.0000000000e+00 2.8205163280e+03 
9.9730153943e-07 1.0000000000e+00 2.4000585764e+03 
9.9778124343e-07 1.0000000000e+00 2.4050441126e+03 
1.6410018849e-05 1.0000000000e+00 2.4589884003e+03 
9.9789829281e-07 1.0000000000e+00 2.3007314091e+03 
9.9834531896e-07 1.0000000000e+00 2.5516397308e+03 
7.1552830496e-06 1.0000000000e+00 1.9506132870e+03 
-1.0000000000e+00 -1.0000000000e+00 -1.0000000000e+00 
9.9278882678e-07 1.0000000000e+00 2.9863270330e+03 
9.9344341017e-07 1.0000000000e+00 2.4813516001e+03 
9.9792320024e-07 1.0000000000e+00 2.4408948705e+03 
9.9943339458e-07 1.0000000000e+00 2.4780307393e+03 
9.9807674428e-07 1.0000000000e+00 2.4282670797e+03 
9.9399794856e-07 1.0000000000e+00 2.5814849481e+03 
9.9464744680e-07 1.0000000000e+00 2.7949142802e+03 
9.0547700012e-07 1.0000000000e+00 2.2750964754e+03 
2.6255387280e-05 1.0000000000e+00 2.5799798970e+03 
9.9821957667e-07 1.0000000000e+00 2.4950983712e+03 
9.9841461520e-07 1.0000000000e+00 2.3135826857e+03 
9.9775001119e-07 1.0000000000e+00 2.4035903123e+03 
9.9765406044e-07 1.0000000000e+00 2.5174530486e+03 
9.9651142026e-07 1.0000000000e+00 2.9013597343e+03 
9.9928849908e-07 1.0000000000e+00 2.2071093472e+03 
2.5960280939e-05 1.0000000000e+00 2.0549811848e+03 
5.2738058344e-06 1.0000000000e+00 2.4355286979e+03 
9.5861386141e-07 1.0000000000e+00 2.3851684146e+03 
9.8141879104e-07 1.0000000000e+00 2.4221644134e+03 
1.4651571949e-05 1.0000000000e+00 2.2353178759e+03 
9.9904196726e-07 1.0000000000e+00 2.2455134850e+03 
9.9434712432e-07 1.0000000000e+00 2.3721691179e+03 
1.4008422678e-05 1.0000000000e+00 1.9819143333e+03 
9.9789247398e-07 1.0000000000e+00 2.4217511856e+03 
5.6666552291e-06 1.0000000000e+00 2.1781134854e+03 
9.9705335898e-07 1.0000000000e+00 2.4014648814e+03 
9.9652925524e-07 1.0000000000e+00 2.5587695339e+03 
9.9638224634e-07 1.0000000000e+00 2.3714559643e+03 
9.9740817652e-07 1.0000000000e+00 2.5483039685e+03 
2.8716981766e-06 1.0000000000e+00 2.1656758512e+03 
