Mass [kg]        Velocity [m s-1]    Theta [rad]    CO2 [wt. frac]    
1.2427799400e-10 1.1364690711e+04 1.2043783089e+00 0.0000000000e+00 
1.9898305469e-08 1.6120030867e+04 4.5679118251e-01 0.0000000000e+00 
3.4886301743e-10 1.2230470180e+04 1.0373240193e+00 0.0000000000e+00 
2.9320000000e-04 1.2217648371e+04 2.1966467337e-01 0.0000000000e+00 
9.6591027548e-06 1.4024867087e+04 5.7933273071e-01 0.0000000000e+00 
1.3277904861e-08 1.8565408598e+04 6.0826151430e-01 0.0000000000e+00 
1.1421607052e-08 1.2010114083e+04 6.8355539256e-01 0.0000000000e+00 
2.7560982718e-09 1.1817701556e+04 3.1564450225e-01 0.0000000000e+00 
4.8211610990e-09 1.5953065981e+04 7.5262896023e-01 0.0000000000e+00 
4.9081042584e-08 1.6743707277e+04 1.4433046317e+00 0.0000000000e+00 
5.5056695871e-09 1.8906035407e+04 6.5997712146e-01 0.0000000000e+00 
2.0864757436e-09 1.6881882626e+04 1.1106355408e+00 0.0000000000e+00 
8.0748861248e-08 1.6459654273e+04 3.2320001854e-01 0.0000000000e+00 
2.4438048472e-08 1.4082608062e+04 8.8551445421e-01 0.0000000000e+00 
4.4238672481e-10 1.4183481726e+04 1.2142402471e+00 0.0000000000e+00 
3.3713165145e-07 1.7716583900e+04 8.5019291057e-01 0.0000000000e+00 
1.4979926329e-07 1.4508048705e+04 8.5215590401e-01 0.0000000000e+00 
2.9320000000e-04 1.4295567673e+04 1.0363405122e+00 0.0000000000e+00 
5.1851844684e-08 1.1256389157e+04 7.1467933600e-01 0.0000000000e+00 
1.7243903066e-07 1.6598717005e+04 6.0280634357e-01 0.0000000000e+00 
2.9320000000e-04 1.4105356722e+04 1.1430769439e+00 0.0000000000e+00 
5.6132063844e-09 1.6258588300e+04 3.5679368834e-01 0.0000000000e+00 
2.9320000000e-04 1.9902199307e+04 6.7549154950e-01 0.0000000000e+00 
4.1601559307e-08 1.2922036699e+04 1.4109563496e+00 0.0000000000e+00 
9.9828740208e-06 1.5050059432e+04 8.4517783695e-01 0.0000000000e+00 
9.4066792632e-11 1.2603824905e+04 4.7538402437e-01 0.0000000000e+00 
8.8366096462e-08 1.5244041933e+04 4.6932694690e-01 0.0000000000e+00 
6.1887921833e-09 1.8887263198e+04 3.3989864570e-01 0.0000000000e+00 
1.7464981060e-07 1.9433283948e+04 6.5223647017e-01 0.0000000000e+00 
1.3032019998e-09 1.6658976166e+04 9.9145549284e-01 0.0000000000e+00 
2.9320000000e-04 1.4965995791e+04 4.3957819888e-01 0.0000000000e+00 
2.9320000000e-04 1.4971889660e+04 7.9920980765e-01 0.0000000000e+00 
1.2484921327e-08 1.5502285408e+04 1.2565644876e+00 0.0000000000e+00 
9.8209254716e-08 1.7946026172e+04 5.0518074989e-01 0.0000000000e+00 
1.5436519981e-10 1.3469111281e+04 8.5616114674e-01 0.0000000000e+00 
2.9320000000e-04 1.6652122291e+04 8.4858417364e-01 0.0000000000e+00 
1.3590922283e-07 1.9042038894e+04 9.8424675390e-01 0.0000000000e+00 
2.6107901115e-07 1.4779777641e+04 4.1698761450e-01 0.0000000000e+00 
7.3916614825e-08 1.7559545009e+04 3.4504675877e-01 0.0000000000e+00 
2.2233566477e-08 1.7248400115e+04 1.2715066210e+00 0.0000000000e+00 
2.8930824905e-10 1.2734953856e+04 1.2019449206e+00 0.0000000000e+00 
1.0099364758e-08 1.9875043938e+04 7.5142823393e-01 0.0000000000e+00 
8.5281764663e-05 1.4939487632e+04 4.0238013176e-01 0.0000000000e+00 
5.2187123223e-11 1.6566743152e+04 8.9895246831e-01 0.0000000000e+00 
4.8747698699e-10 1.4648719160e+04 9.9384488291e-01 0.0000000000e+00 
3.9043079377e-11 1.9799153447e+04 6.8572718628e-01 0.0000000000e+00 
2.1069501290e-08 1.5824636982e+04 6.5131130155e-01 0.0000000000e+00 
1.4372022420e-04 1.4495082853e+04 1.4141219309e+00 0.0000000000e+00 
2.1305996384e-09 1.2106390272e+04 1.2480171336e+00 0.0000000000e+00 
2.7486172736e-11 1.9555074391e+04 1.5427037766e-01 0.0000000000e+00 
2.0366396502e-07 1.3267313549e+04 1.3055606425e+00 0.0000000000e+00 
2.7438732678e-08 1.1667867504e+04 1.5317422879e+00 0.0000000000e+00 
6.6246298597e-11 1.5350932995e+04 8.1348101889e-01 0.0000000000e+00 
1.8370794756e-09 1.2936096680e+04 1.1603668654e+00 0.0000000000e+00 
1.2479108634e-08 1.5181412506e+04 1.0778338601e+00 0.0000000000e+00 
4.3276617985e-10 1.2988116063e+04 7.0133391147e-01 0.0000000000e+00 
1.3150240271e-08 1.6614554932e+04 8.5247851051e-01 0.0000000000e+00 
5.3883456288e-10 1.4623834819e+04 7.4811027714e-01 0.0000000000e+00 
8.5153165389e-10 1.8907204351e+04 8.5829953620e-01 0.0000000000e+00 
9.5568623149e-09 1.5581034389e+04 3.0979897678e-01 0.0000000000e+00 
4.3176492426e-08 1.7971931913e+04 1.3856787243e+00 0.0000000000e+00 
1.6354495239e-08 1.1303832939e+04 7.3461095178e-01 0.0000000000e+00 
8.9636961176e-10 1.5799472898e+04 1.2392076079e+00 0.0000000000e+00 
1.4251498879e-09 1.7175378215e+04 9.3902720811e-01 0.0000000000e+00 
5.5376042513e-08 1.3154602248e+04 2.8623832849e-01 0.0000000000e+00 
1.4189404512e-09 1.4142373460e+04 1.3989028955e+00 0.0000000000e+00 
2.9320000000e-04 1.4017766297e+04 6.9790623087e-01 0.0000000000e+00 
5.0253121583e-10 1.4635467583e+04 1.2246029155e+00 0.0000000000e+00 
1.0967160886e-09 1.2348747166e+04 1.0745869012e+00 0.0000000000e+00 
4.6459029652e-10 1.8771655705e+04 1.4901125127e+00 0.0000000000e+00 
1.2600740374e-07 1.3875076445e+04 8.9111289773e-01 0.0000000000e+00 
9.1091780686e-07 1.9619394845e+04 8.1787764800e-01 0.0000000000e+00 
1.5839959575e-10 1.3105611990e+04 5.7545137813e-01 0.0000000000e+00 
6.4282698432e-08 1.5813289572e+04 7.8160233798e-01 0.0000000000e+00 
8.9139988815e-09 1.1643597170e+04 5.9452301535e-01 0.0000000000e+00 
2.7462700030e-05 1.6102190194e+04 7.7124078111e-01 0.0000000000e+00 
3.8348269640e-06 1.8665399904e+04 1.1342473563e-01 0.0000000000e+00 
2.8853617920e-09 1.4057080736e+04 1.0928239995e+00 0.0000000000e+00 
3.7343349728e-09 1.9616391889e+04 7.0962129053e-01 0.0000000000e+00 
2.9320000000e-04 1.5895379139e+04 1.0480183481e+00 0.0000000000e+00 
9.7042561140e-09 1.6699366896e+04 7.2186381336e-01 0.0000000000e+00 
2.6021236755e-10 1.1223943660e+04 2.3141612625e-01 0.0000000000e+00 
8.3369729371e-11 1.5990095389e+04 7.2745988896e-01 0.0000000000e+00 
4.9395024764e-11 1.8249337491e+04 1.3758781938e+00 0.0000000000e+00 
4.6082086755e-11 1.1221712129e+04 3.7960431484e-01 0.0000000000e+00 
4.2559132208e-10 1.4776057312e+04 9.2557241774e-01 0.0000000000e+00 
3.1372763615e-07 1.9895109914e+04 1.0589812213e+00 0.0000000000e+00 
6.1012785208e-07 1.4657268334e+04 1.9863861328e-01 0.0000000000e+00 
7.4306755079e-10 1.1714943589e+04 5.9489230260e-01 0.0000000000e+00 
2.5012940027e-10 1.6979045707e+04 1.0584194155e+00 0.0000000000e+00 
5.7787061276e-09 1.5225609784e+04 1.1190537484e+00 0.0000000000e+00 
2.9320000000e-04 1.1227742738e+04 3.8119039608e-01 0.0000000000e+00 
1.1108601578e-05 1.1378598643e+04 9.4383828238e-01 0.0000000000e+00 
3.3479531606e-08 1.6190626345e+04 1.1473793995e+00 0.0000000000e+00 
3.6400544812e-08 1.4992294340e+04 8.8616932438e-01 0.0000000000e+00 
4.4991022447e-10 1.6692064242e+04 1.2430948980e+00 0.0000000000e+00 
2.8735774929e-10 1.3074040183e+04 6.6494948889e-01 0.0000000000e+00 
2.4032148808e-09 1.8981990762e+04 4.2613532831e-01 0.0000000000e+00 
4.9909503354e-10 1.6186404831e+04 6.6694687954e-01 0.0000000000e+00 
4.7893357126e-10 1.7903367274e+04 4.7526626456e-01 0.0000000000e+00 
2.9320000000e-04 1.8417800764e+04 8.8383438789e-02 0.0000000000e+00 
3.9469616873e-09 1.2557360999e+04 1.0161600256e+00 0.0000000000e+00 
3.9140059865e-07 1.8863322571e+04 3.3100210787e-01 0.0000000000e+00 
3.8602433189e-08 1.9992443012e+04 9.0043783181e-01 0.0000000000e+00 
1.8944807422e-07 1.4615552540e+04 1.0931743512e+00 0.0000000000e+00 
3.4506467067e-08 1.4289918906e+04 7.5762632535e-01 0.0000000000e+00 
2.3229161682e-08 1.7771166057e+04 6.5110520177e-01 0.0000000000e+00 
2.3890267688e-04 1.7222559901e+04 5.6993768945e-01 0.0000000000e+00 
4.8358122887e-09 1.7816738924e+04 9.1344523646e-01 0.0000000000e+00 
2.6392286990e-11 1.4311723378e+04 6.6905831788e-01 0.0000000000e+00 
3.3599529758e-11 1.6993570590e+04 6.7449397288e-01 0.0000000000e+00 
3.6440200675e-09 1.8605847781e+04 9.1531552595e-01 0.0000000000e+00 
2.0332222445e-04 1.1827264378e+04 3.8888002623e-01 0.0000000000e+00 
7.1402163109e-09 1.5667769231e+04 7.9077744785e-01 0.0000000000e+00 
4.8052047038e-08 1.4059574183e+04 9.1313966067e-01 0.0000000000e+00 
4.7201359921e-10 1.6047997317e+04 1.2837060343e+00 0.0000000000e+00 
5.0100752372e-10 1.8958088639e+04 3.8036209917e-01 0.0000000000e+00 
2.3700796069e-10 1.4286200292e+04 4.0767141782e-01 0.0000000000e+00 
2.6051096043e-05 1.1639661433e+04 7.2658053609e-01 0.0000000000e+00 
1.7120566846e-09 1.7590302730e+04 1.0649428623e+00 0.0000000000e+00 
3.4158531627e-08 1.9164655486e+04 9.9479223505e-01 0.0000000000e+00 
9.3717270526e-08 1.4833136010e+04 5.3879027488e-01 0.0000000000e+00 
1.6541363877e-10 1.3394361957e+04 1.1261857777e+00 0.0000000000e+00 
4.7512071725e-09 1.8840912958e+04 2.2583936540e-01 0.0000000000e+00 
4.8521353569e-10 1.9172525551e+04 7.8062234048e-01 0.0000000000e+00 
1.1846162988e-09 1.5063175383e+04 8.8297840229e-01 0.0000000000e+00 
8.0594483496e-07 1.6349504699e+04 4.8160531443e-01 0.0000000000e+00 
2.5126070585e-09 1.8670032998e+04 2.8814627209e-01 0.0000000000e+00 
1.7578136750e-10 1.7066560085e+04 1.1578931512e+00 0.0000000000e+00 
5.8543688813e-08 1.7690210658e+04 5.0280133645e-01 0.0000000000e+00 
8.6393997866e-08 1.2377173972e+04 2.7661983818e-01 0.0000000000e+00 
5.1973932844e-09 1.4287480997e+04 3.3685971693e-01 0.0000000000e+00 
5.1861080960e-09 1.3510751610e+04 3.9445597614e-01 0.0000000000e+00 
4.6179314041e-09 1.2775712728e+04 1.0026394527e+00 0.0000000000e+00 
5.5056482934e-09 1.5998603213e+04 3.9937889234e-01 0.0000000000e+00 
3.0343331437e-08 1.9089256346e+04 1.3454834067e+00 0.0000000000e+00 
1.2398002065e-08 1.1380360379e+04 9.7145917965e-01 0.0000000000e+00 
8.6229352798e-11 1.7415231176e+04 1.3526668791e-01 0.0000000000e+00 
6.1954660815e-09 1.2197337591e+04 7.8591554203e-01 0.0000000000e+00 
3.9279657844e-06 1.1845026837e+04 6.2231291758e-01 0.0000000000e+00 
3.3048592806e-06 1.7720070972e+04 3.3746649360e-01 0.0000000000e+00 
1.7477027009e-09 1.4048328736e+04 1.0573862762e+00 0.0000000000e+00 
2.9320000000e-04 1.3126521230e+04 1.1399999782e+00 0.0000000000e+00 
1.8002692056e-07 1.4305886700e+04 6.2365431890e-01 0.0000000000e+00 
1.6692538045e-09 1.5539681683e+04 3.9249174999e-01 0.0000000000e+00 
9.4732345883e-11 1.8848868529e+04 8.0730412052e-01 0.0000000000e+00 
1.1663000737e-10 1.8862180412e+04 6.9185119840e-01 0.0000000000e+00 
2.0232631094e-09 1.4395871022e+04 1.0062991811e+00 0.0000000000e+00 
5.2321903577e-08 1.2799925128e+04 5.5906725097e-01 0.0000000000e+00 
1.0110859727e-07 1.2458725075e+04 6.4428056543e-01 0.0000000000e+00 
2.8986790233e-11 1.5771980005e+04 1.1265397845e+00 0.0000000000e+00 
3.1653883134e-09 1.9536126742e+04 4.1566674472e-01 0.0000000000e+00 
1.1196245852e-08 1.4260971184e+04 1.1236360987e+00 0.0000000000e+00 
4.7259681149e-09 1.9064743553e+04 7.0182689368e-01 0.0000000000e+00 
9.5912834468e-08 1.9460354697e+04 9.4928704208e-01 0.0000000000e+00 
2.9289512528e-07 1.3636216399e+04 1.1502207644e+00 0.0000000000e+00 
5.9617571497e-08 1.2549244358e+04 7.9350478365e-01 0.0000000000e+00 
6.5127390142e-10 1.5557296278e+04 8.8769213328e-01 0.0000000000e+00 
2.1007147717e-08 1.4658655727e+04 6.4996604430e-01 0.0000000000e+00 
6.4564362524e-10 1.7171552051e+04 8.0418578779e-01 0.0000000000e+00 
3.1956304225e-05 1.1747719340e+04 3.8875701290e-01 0.0000000000e+00 
3.2083516534e-07 1.1276953388e+04 4.2218659962e-01 0.0000000000e+00 
6.3821086369e-09 1.2927205444e+04 4.2517046298e-01 0.0000000000e+00 
2.7978178881e-09 1.8489684879e+04 6.4965058569e-01 0.0000000000e+00 
2.5734114736e-08 1.3037126300e+04 4.9960500744e-01 0.0000000000e+00 
1.4848586606e-06 1.6633466504e+04 1.4554828098e+00 0.0000000000e+00 
1.6172985811e-09 1.3307744710e+04 2.4916001267e-01 0.0000000000e+00 
2.1945945579e-10 1.1747451400e+04 2.3123832418e-01 0.0000000000e+00 
7.4087501837e-11 1.9160684484e+04 1.4472035291e+00 0.0000000000e+00 
2.1421447306e-09 1.1362854781e+04 2.6256261085e-01 0.0000000000e+00 
1.1698438994e-08 1.2776181377e+04 4.4066450571e-01 0.0000000000e+00 
4.3300375869e-11 1.2630204854e+04 3.4412262109e-01 0.0000000000e+00 
2.1357663935e-09 1.1809760855e+04 1.0689695634e+00 0.0000000000e+00 
8.1251223565e-11 1.7081170905e+04 7.5545503380e-01 0.0000000000e+00 
6.7793860317e-07 1.7162407228e+04 1.1338955020e+00 0.0000000000e+00 
1.1913872168e-07 1.5938404249e+04 1.1227647729e+00 0.0000000000e+00 
1.2371444470e-09 1.5077768149e+04 1.1854557582e+00 0.0000000000e+00 
2.3045917478e-08 1.6666769347e+04 5.5832055206e-01 0.0000000000e+00 
2.6486244394e-08 1.7470712058e+04 1.0290683220e+00 0.0000000000e+00 
2.3265209205e-07 1.6579700810e+04 9.0934305062e-01 0.0000000000e+00 
2.9320000000e-04 1.6473212625e+04 1.0196963520e+00 0.0000000000e+00 
5.4403807129e-06 1.9007187394e+04 4.0129740269e-01 0.0000000000e+00 
1.7634766854e-10 1.3841944417e+04 1.0508375113e+00 0.0000000000e+00 
1.2687331922e-06 1.6109650238e+04 1.1124101781e+00 0.0000000000e+00 
2.2068776596e-09 1.5534358182e+04 1.1397774891e+00 0.0000000000e+00 
5.3050613748e-09 1.9329076045e+04 2.1079608591e-01 0.0000000000e+00 
2.3274701046e-06 1.2624944539e+04 1.2925465523e+00 0.0000000000e+00 
4.2471544298e-09 1.7092942336e+04 4.8548793314e-01 0.0000000000e+00 
8.1210076384e-10 1.7649806497e+04 2.2902891479e-01 0.0000000000e+00 
5.6625278627e-08 1.8031864336e+04 1.1474849243e+00 0.0000000000e+00 
1.6393328958e-05 1.6667984138e+04 7.7824569793e-01 0.0000000000e+00 
1.4302753869e-08 1.8840970053e+04 8.2224983054e-01 0.0000000000e+00 
2.1681814673e-08 1.3509902440e+04 7.5016326970e-01 0.0000000000e+00 
1.8366145962e-09 1.6734905275e+04 1.3975202962e+00 0.0000000000e+00 
4.2294324630e-11 1.2315727726e+04 1.2260183647e+00 0.0000000000e+00 
1.4150215450e-09 1.5639140601e+04 9.9020845257e-01 0.0000000000e+00 
2.9320000000e-04 1.8714593463e+04 3.1442022749e-01 0.0000000000e+00 
2.3890686425e-08 1.5204016973e+04 7.2341946446e-01 0.0000000000e+00 
7.2021964033e-09 1.4265927936e+04 8.8668533345e-01 0.0000000000e+00 
2.4667183870e-09 1.2567981110e+04 6.5765066459e-01 0.0000000000e+00 
5.4552341474e-08 1.7355361091e+04 4.3591475552e-01 0.0000000000e+00 
4.3624475421e-09 1.8024850999e+04 5.0542471742e-01 0.0000000000e+00 
5.0053917814e-09 1.8926696531e+04 1.1057549952e+00 0.0000000000e+00 
1.5984582051e-09 1.7013919461e+04 6.3687314064e-01 0.0000000000e+00 
1.1908373206e-09 1.4809164465e+04 9.3548457217e-01 0.0000000000e+00 
1.3636582324e-08 1.8273527887e+04 6.2946428600e-01 0.0000000000e+00 
9.7225795255e-10 1.4441629676e+04 6.4176187421e-01 0.0000000000e+00 
4.6791583405e-06 1.4814286236e+04 2.7629667264e-01 0.0000000000e+00 
1.7264430741e-10 1.6363188139e+04 6.9176673628e-01 0.0000000000e+00 
2.0721750044e-09 1.2254862826e+04 5.2424844716e-01 0.0000000000e+00 
6.6471120225e-09 1.2057001849e+04 8.4309375762e-01 0.0000000000e+00 
1.0647345864e-04 1.7058338563e+04 2.2113993815e-01 0.0000000000e+00 
1.3957114688e-07 1.5549793811e+04 2.5709875952e-01 0.0000000000e+00 
3.2175489643e-11 1.8309094172e+04 1.1950608556e+00 0.0000000000e+00 
1.8118794922e-07 1.7863477554e+04 8.9645316846e-01 0.0000000000e+00 
1.1987640568e-07 1.3111951817e+04 3.0537537311e-01 0.0000000000e+00 
1.1681818275e-09 1.7654730202e+04 1.1439664793e+00 0.0000000000e+00 
4.1389313672e-10 1.3333885683e+04 1.0444320826e+00 0.0000000000e+00 
2.9663696227e-09 1.6186255041e+04 7.7832076719e-01 0.0000000000e+00 
8.0702846390e-09 1.7422889143e+04 4.3943836307e-01 0.0000000000e+00 
9.8574961239e-09 1.3055245430e+04 1.3523741533e+00 0.0000000000e+00 
2.1473673235e-07 1.5994958042e+04 6.1506415148e-01 0.0000000000e+00 
3.7124436269e-11 1.5902598490e+04 9.8438308141e-01 0.0000000000e+00 
7.5959157030e-09 1.8207528688e+04 8.9822605806e-01 0.0000000000e+00 
3.3341811971e-10 1.2533516295e+04 1.0871414756e+00 0.0000000000e+00 
2.3560567128e-11 1.5972322284e+04 8.4953641701e-01 0.0000000000e+00 
2.4121670316e-09 1.4470560425e+04 1.0902940105e+00 0.0000000000e+00 
9.0549842280e-08 1.3887191031e+04 1.3354040802e+00 0.0000000000e+00 
2.9320000000e-04 1.1525958756e+04 8.9683123064e-01 0.0000000000e+00 
1.0308227268e-07 1.5717434166e+04 5.8754151704e-01 0.0000000000e+00 
1.9170675117e-10 1.3590109919e+04 5.1288018688e-01 0.0000000000e+00 
5.1136372449e-07 1.4907237569e+04 8.2387164126e-01 0.0000000000e+00 
2.3017126362e-09 1.1857848249e+04 8.7775480984e-01 0.0000000000e+00 
2.7453561032e-10 1.1961508320e+04 7.6497485768e-01 0.0000000000e+00 
4.2431174544e-08 1.8703489441e+04 7.2433305776e-01 0.0000000000e+00 
5.5105516034e-10 1.9723552458e+04 3.1324706038e-01 0.0000000000e+00 
2.9320000000e-04 1.2457196780e+04 8.0591995871e-01 0.0000000000e+00 
1.7802089817e-08 1.3261926752e+04 1.0601690333e+00 0.0000000000e+00 
1.0714708794e-09 1.8243371427e+04 6.8194216928e-01 0.0000000000e+00 
9.2254095455e-08 1.5039231716e+04 8.1994518557e-01 0.0000000000e+00 
1.4211267158e-07 1.5505656612e+04 8.0542274362e-01 0.0000000000e+00 
1.7343716722e-10 1.6409808342e+04 9.8997250404e-01 0.0000000000e+00 
4.6496468328e-09 1.6129006107e+04 8.7771629524e-02 0.0000000000e+00 
1.1237655141e-09 1.6514098042e+04 1.4588168729e+00 0.0000000000e+00 
3.1228492849e-10 1.1776109838e+04 5.7704718787e-01 0.0000000000e+00 
3.0642739246e-11 1.9186798798e+04 6.2061989062e-01 0.0000000000e+00 
1.2895352535e-09 1.4780557523e+04 6.8515789930e-01 0.0000000000e+00 
6.3429273821e-08 1.3839107733e+04 8.3223678238e-01 0.0000000000e+00 
2.2304624712e-05 1.2308115449e+04 1.1086235940e+00 0.0000000000e+00 
1.7781763831e-10 1.2678650413e+04 9.5451715652e-01 0.0000000000e+00 
6.2746897573e-07 1.6641648212e+04 6.9466099271e-01 0.0000000000e+00 
2.9320000000e-04 1.6068170568e+04 4.2339091738e-01 0.0000000000e+00 
2.9320000000e-04 1.8410106345e+04 8.9361751568e-01 0.0000000000e+00 
9.1556603234e-11 1.2103139547e+04 7.1374864650e-01 0.0000000000e+00 
2.0207810767e-09 1.4318401894e+04 6.0882490029e-01 0.0000000000e+00 
2.5981072250e-09 1.1663163732e+04 1.1589763906e+00 0.0000000000e+00 
8.4292695600e-09 1.7475209308e+04 1.2598646034e+00 0.0000000000e+00 
7.1887165342e-09 1.5452135854e+04 6.6552736338e-01 0.0000000000e+00 
2.7745348423e-10 1.5958264586e+04 6.4813559682e-01 0.0000000000e+00 
2.3728837416e-10 1.8233514639e+04 4.3671650771e-01 0.0000000000e+00 
3.7980222454e-09 1.1941707345e+04 9.8713950108e-01 0.0000000000e+00 
1.1439383167e-05 1.4904658991e+04 4.6587973398e-01 0.0000000000e+00 
1.7927264099e-07 1.6972097278e+04 8.5101689156e-01 0.0000000000e+00 
2.3347232382e-08 1.4618329933e+04 8.7178011381e-01 0.0000000000e+00 
1.3988179178e-09 1.2117529081e+04 8.7876421181e-01 0.0000000000e+00 
7.5234362970e-10 1.6143530932e+04 5.3652696251e-01 0.0000000000e+00 
9.7124785974e-09 1.6958676271e+04 7.0703171894e-01 0.0000000000e+00 
3.1288479633e-08 1.6685962661e+04 9.5037678303e-01 0.0000000000e+00 
4.7474522429e-06 1.6957332183e+04 4.3252138472e-01 0.0000000000e+00 
5.7457892308e-11 1.6210979391e+04 5.1918152440e-01 0.0000000000e+00 
6.0121352146e-11 1.3151101627e+04 6.4990070577e-01 0.0000000000e+00 
2.1151001116e-10 1.8103522793e+04 5.0391099258e-01 0.0000000000e+00 
4.2705054922e-08 1.9594972090e+04 1.0840580213e+00 0.0000000000e+00 
2.7813576823e-10 1.2228156516e+04 1.1924983421e+00 0.0000000000e+00 
9.1225585321e-09 1.2103786208e+04 1.0716382567e+00 0.0000000000e+00 
1.2995584270e-09 1.3397545239e+04 1.1473987283e+00 0.0000000000e+00 
6.1154124625e-10 1.1359019048e+04 1.0969943993e+00 0.0000000000e+00 
1.6763804247e-09 1.7156406216e+04 8.9934162189e-01 0.0000000000e+00 
1.9943181400e-07 1.8072061855e+04 9.0672883096e-01 0.0000000000e+00 
1.4049566750e-09 1.8089525759e+04 8.7574201094e-01 0.0000000000e+00 
1.8699132815e-05 1.4408533928e+04 1.0853129140e+00 0.0000000000e+00 
6.3501928642e-08 1.6401940785e+04 2.1985589732e-01 0.0000000000e+00 
2.3498084595e-06 1.7636458629e+04 6.2053348287e-01 0.0000000000e+00 
1.2327062518e-09 1.8873497861e+04 2.7167696809e-01 0.0000000000e+00 
5.7021808234e-09 1.4606183412e+04 8.3404207505e-01 0.0000000000e+00 
3.4603325566e-09 1.8095036727e+04 8.3864941224e-01 0.0000000000e+00 
5.7449613381e-09 1.5282748216e+04 2.4112275630e-01 0.0000000000e+00 
2.1692685692e-10 1.3076939831e+04 7.3156371587e-01 0.0000000000e+00 
1.1947458580e-10 1.3961940401e+04 2.7013528017e-01 0.0000000000e+00 
2.5008063507e-08 1.1910195653e+04 1.3623923003e+00 0.0000000000e+00 
4.3293233369e-10 1.6130198172e+04 5.5780923676e-01 0.0000000000e+00 
6.4127101009e-11 1.1217470396e+04 6.4271093591e-01 0.0000000000e+00 
1.2147347320e-08 1.6726639485e+04 5.4429988777e-01 0.0000000000e+00 
1.0115229782e-08 1.3426536541e+04 6.0565116306e-01 0.0000000000e+00 
8.2612491297e-09 1.7686532714e+04 6.0836336117e-01 0.0000000000e+00 
3.5249971609e-10 1.8290064078e+04 1.3197500522e-01 0.0000000000e+00 
6.3736099900e-10 1.9424396794e+04 7.0665118867e-01 0.0000000000e+00 
4.6987270384e-08 1.9825915556e+04 1.2400207108e+00 0.0000000000e+00 
5.0933114127e-09 1.7077927149e+04 7.5661614712e-01 0.0000000000e+00 
2.0394357391e-09 1.4466892933e+04 5.4774993005e-01 0.0000000000e+00 
2.1753611253e-07 1.8262043999e+04 1.2510293801e+00 0.0000000000e+00 
7.9215032459e-09 1.9114483330e+04 4.7606949355e-01 0.0000000000e+00 
9.8541253308e-11 1.4593920121e+04 5.0543870448e-01 0.0000000000e+00 
2.1637478505e-08 1.7980163933e+04 6.7368619659e-01 0.0000000000e+00 
9.9200903215e-10 1.9952268335e+04 7.6880390398e-01 0.0000000000e+00 
2.0809260174e-10 1.3892271397e+04 9.8149041962e-02 0.0000000000e+00 
6.1674885416e-09 1.8087043111e+04 9.1456769731e-01 0.0000000000e+00 
2.5805830841e-09 1.8229841889e+04 1.3027346225e+00 0.0000000000e+00 
8.4869943481e-09 1.9996268992e+04 4.7675737533e-01 0.0000000000e+00 
3.3676704969e-09 1.1437344451e+04 2.4871988899e-01 0.0000000000e+00 
9.8452540756e-11 1.7446944812e+04 1.2176334032e+00 0.0000000000e+00 
8.9161226169e-08 1.9077249165e+04 3.7167231981e-01 0.0000000000e+00 
9.9077369006e-09 1.4762446479e+04 2.7732870780e-01 0.0000000000e+00 
3.0389241272e-06 1.3429442629e+04 4.4004926319e-01 0.0000000000e+00 
9.4276379207e-11 1.1421529332e+04 1.0386436351e+00 0.0000000000e+00 
1.2412721488e-08 1.6745248982e+04 8.2309902621e-01 0.0000000000e+00 
2.2154741245e-10 1.3144581792e+04 3.9678800339e-01 0.0000000000e+00 
2.2832359242e-09 1.3452162818e+04 1.0161520527e+00 0.0000000000e+00 
2.7308593308e-08 1.7495583063e+04 8.0767582511e-01 0.0000000000e+00 
2.9428462599e-08 1.9893358410e+04 6.1754685020e-01 0.0000000000e+00 
2.9320000000e-04 1.8570446088e+04 3.5007473171e-01 0.0000000000e+00 
7.8332478545e-08 1.3304570057e+04 8.2757727521e-01 0.0000000000e+00 
2.1266293250e-09 1.5543607830e+04 2.5326930340e-01 0.0000000000e+00 
4.3598465927e-05 1.9555584371e+04 1.0219701754e+00 0.0000000000e+00 
6.1678869414e-08 1.2616826427e+04 4.8566135437e-01 0.0000000000e+00 
3.9192758873e-07 1.5184300818e+04 6.3803493388e-01 0.0000000000e+00 
9.7160248759e-08 1.5005328148e+04 1.2216272866e+00 0.0000000000e+00 
2.3209894384e-09 1.3712279767e+04 9.9201663081e-01 0.0000000000e+00 
5.2065970155e-08 1.8890461645e+04 4.9981471617e-01 0.0000000000e+00 
7.0932060369e-08 1.2919645402e+04 8.3734714993e-01 0.0000000000e+00 
6.2214123979e-08 1.2160949196e+04 8.5705727629e-01 0.0000000000e+00 
1.6332387564e-08 1.5076948950e+04 5.6706442389e-01 0.0000000000e+00 
1.8001678551e-08 1.2542601647e+04 1.1748127761e+00 0.0000000000e+00 
7.0264112326e-11 1.1787835263e+04 5.5655134082e-01 0.0000000000e+00 
1.9888470473e-08 1.5191745316e+04 1.1610342208e+00 0.0000000000e+00 
2.9320000000e-04 1.5014668454e+04 5.6576247027e-01 0.0000000000e+00 
5.8102814396e-08 1.6693907438e+04 9.5540859909e-01 0.0000000000e+00 
3.0000885257e-09 1.7991694799e+04 7.1026228041e-01 0.0000000000e+00 
1.0536863154e-06 1.2288024094e+04 1.0287660522e+00 0.0000000000e+00 
5.4720933929e-08 1.3405333785e+04 1.1285935321e+00 0.0000000000e+00 
2.4342912738e-09 1.8547425857e+04 8.1042420966e-01 0.0000000000e+00 
6.0118750688e-09 1.7839475864e+04 1.0107847016e+00 0.0000000000e+00 
1.1737084609e-10 1.5098768950e+04 1.2162855565e+00 0.0000000000e+00 
9.1558038068e-06 1.3986617090e+04 1.5245309130e+00 0.0000000000e+00 
6.7448751707e-10 1.9984202719e+04 3.8442962086e-01 0.0000000000e+00 
3.7729655982e-08 1.1370581381e+04 8.5110078216e-01 0.0000000000e+00 
1.9260722285e-09 1.9551624716e+04 1.3236188123e+00 0.0000000000e+00 
4.2644408228e-09 1.1891822411e+04 7.0984170238e-01 0.0000000000e+00 
8.0525400945e-08 1.3229675244e+04 5.4341457317e-01 0.0000000000e+00 
2.1390222295e-10 1.5513726491e+04 1.2092794370e+00 0.0000000000e+00 
1.5494404355e-09 1.5427837780e+04 1.0290391569e+00 0.0000000000e+00 
4.4497589569e-09 1.6213805802e+04 5.5608125520e-01 0.0000000000e+00 
2.9467001103e-10 1.4908241344e+04 6.6493178105e-01 0.0000000000e+00 
6.2522727545e-08 1.3787252935e+04 7.7017887322e-01 0.0000000000e+00 
1.5752042474e-08 1.6761965356e+04 2.1253415704e-01 0.0000000000e+00 
1.8318407661e-10 1.1724936058e+04 1.2204078547e+00 0.0000000000e+00 
9.1172058452e-07 1.2186889058e+04 1.4719554128e+00 0.0000000000e+00 
3.1667712593e-10 1.6972415567e+04 1.3673363080e+00 0.0000000000e+00 
6.1088473474e-10 1.4646585153e+04 1.0112903511e+00 0.0000000000e+00 
2.3428769822e-08 1.6126171016e+04 1.1928126093e+00 0.0000000000e+00 
5.2183619331e-08 1.9041790430e+04 2.8793743685e-01 0.0000000000e+00 
7.9496945415e-09 1.6158376309e+04 1.0485351498e+00 0.0000000000e+00 
3.2874940886e-11 1.4640149720e+04 7.7495767455e-01 0.0000000000e+00 
2.0704292218e-10 1.6493432037e+04 7.8790421605e-01 0.0000000000e+00 
5.6456667069e-08 1.3644559933e+04 3.4152641683e-01 0.0000000000e+00 
2.2683456161e-04 1.1815315737e+04 1.4508964806e+00 0.0000000000e+00 
8.1220951432e-10 1.8825529103e+04 4.8169873825e-01 0.0000000000e+00 
7.7461799718e-10 1.5492262699e+04 1.1470060121e-01 0.0000000000e+00 
6.0399473467e-11 1.6250196452e+04 1.2769682157e+00 0.0000000000e+00 
5.9428700124e-09 1.8017940269e+04 7.9522987572e-01 0.0000000000e+00 
8.0367160957e-09 1.9720773377e+04 6.0442772781e-01 0.0000000000e+00 
2.3201780876e-09 1.5967212605e+04 4.1291968687e-01 0.0000000000e+00 
9.9805296293e-09 1.4624259499e+04 8.6283258391e-01 0.0000000000e+00 
2.0670310380e-09 1.6876005107e+04 1.4676159502e+00 0.0000000000e+00 
3.0728537131e-10 1.8071544509e+04 5.0396364119e-01 0.0000000000e+00 
1.6202067452e-10 1.5514036873e+04 8.1407635021e-01 0.0000000000e+00 
5.8569985570e-07 1.5053977481e+04 5.6911048442e-01 0.0000000000e+00 
5.4311921638e-09 1.2061399615e+04 9.3139741039e-01 0.0000000000e+00 
1.8695720537e-08 1.6246725420e+04 1.0315595271e+00 0.0000000000e+00 
3.2944063308e-08 1.9665830063e+04 4.9591579238e-01 0.0000000000e+00 
6.8885726820e-08 1.2639594888e+04 2.1699739038e-01 0.0000000000e+00 
1.9364571511e-07 1.5389158377e+04 9.0756860038e-01 0.0000000000e+00 
5.8172696976e-11 1.8049341187e+04 1.1029372396e+00 0.0000000000e+00 
3.8851718595e-08 1.3579749116e+04 5.2184528353e-01 0.0000000000e+00 
3.1986516364e-11 1.8563507323e+04 3.1036650118e-01 0.0000000000e+00 
9.8020956320e-08 1.1634660638e+04 5.1667285073e-01 0.0000000000e+00 
9.1024427300e-11 1.8261373008e+04 1.3731138258e+00 0.0000000000e+00 
2.9320000000e-04 1.3675967549e+04 1.3665832202e+00 0.0000000000e+00 
5.1038568487e-11 1.6169111236e+04 1.4038870433e+00 0.0000000000e+00 
1.7709354210e-09 1.2763433780e+04 1.2625503960e+00 0.0000000000e+00 
1.5621602094e-06 1.4322993149e+04 8.9737496079e-01 0.0000000000e+00 
3.6998599564e-09 1.7141196839e+04 9.2306287256e-01 0.0000000000e+00 
1.6479079807e-05 1.8112592457e+04 7.3398264837e-01 0.0000000000e+00 
2.2487117550e-10 1.6708955202e+04 1.2105457980e+00 0.0000000000e+00 
2.5413964941e-09 1.5246919064e+04 9.3997179131e-01 0.0000000000e+00 
2.9320000000e-04 1.7257329231e+04 7.2905025579e-01 0.0000000000e+00 
3.7373441679e-09 1.1823509238e+04 4.9645582632e-01 0.0000000000e+00 
1.8883176301e-07 1.9036675677e+04 7.5476281620e-01 0.0000000000e+00 
5.8975884939e-09 1.2018917761e+04 1.3448973772e+00 0.0000000000e+00 
1.9354959744e-08 1.5103777311e+04 5.5807958024e-01 0.0000000000e+00 
1.0371572155e-08 1.7829206321e+04 5.1183494909e-01 0.0000000000e+00 
5.9445211001e-09 1.5282854508e+04 1.4445676865e-01 0.0000000000e+00 
9.8616256206e-10 1.6867224847e+04 9.1257368918e-01 0.0000000000e+00 
2.9320000000e-04 1.2238161418e+04 8.5958024389e-01 0.0000000000e+00 
1.4944116609e-08 1.5964660701e+04 4.8292008967e-01 0.0000000000e+00 
3.3902133966e-08 1.9360245735e+04 6.0903168581e-01 0.0000000000e+00 
1.8778563853e-05 1.9400272423e+04 1.2314298348e+00 0.0000000000e+00 
2.9320000000e-04 1.2663819404e+04 8.6062344094e-01 0.0000000000e+00 
1.0852347450e-08 1.3924537939e+04 1.0526903849e-01 0.0000000000e+00 
2.9320000000e-04 1.9970854286e+04 1.5540572732e+00 0.0000000000e+00 
7.9045781112e-05 1.4439878867e+04 5.4996461721e-01 0.0000000000e+00 
2.6507970518e-10 1.6258355179e+04 3.7761226244e-01 0.0000000000e+00 
2.2903431917e-09 1.8252851230e+04 1.1672193335e+00 0.0000000000e+00 
1.1260908364e-10 1.9204068827e+04 1.0355585822e+00 0.0000000000e+00 
9.5768959401e-10 1.4084967374e+04 1.0499256290e+00 0.0000000000e+00 
1.1106936820e-07 1.5595107941e+04 1.3297690728e+00 0.0000000000e+00 
8.6981525440e-09 1.4894639125e+04 1.2421708700e+00 0.0000000000e+00 
3.1237431252e-08 1.7837277583e+04 4.8744511764e-01 0.0000000000e+00 
3.7357068749e-09 1.2541700199e+04 1.3156346995e+00 0.0000000000e+00 
3.2809603376e-09 1.7489241469e+04 8.7153864229e-01 0.0000000000e+00 
3.2155117729e-08 1.4786163405e+04 3.5025339103e-01 0.0000000000e+00 
1.1042731808e-09 1.8337973085e+04 7.5532880642e-01 0.0000000000e+00 
2.3109067530e-08 1.1271929700e+04 8.4863997986e-01 0.0000000000e+00 
1.2481866240e-09 1.2640541512e+04 7.9915422658e-01 0.0000000000e+00 
2.9320000000e-04 1.4564739777e+04 8.8042523536e-01 0.0000000000e+00 
3.3662257721e-11 1.9383029964e+04 5.2993822111e-01 0.0000000000e+00 
2.9320000000e-04 1.3395621970e+04 1.4478131051e+00 0.0000000000e+00 
3.6109787292e-10 1.2857486195e+04 6.0949070265e-01 0.0000000000e+00 
6.7578251466e-06 1.2541639339e+04 3.5098634440e-01 0.0000000000e+00 
1.2997243691e-07 1.2613868468e+04 8.9938623349e-01 0.0000000000e+00 
1.0596615938e-06 1.9748486544e+04 5.1248584410e-01 0.0000000000e+00 
1.3548262928e-08 1.2928961345e+04 9.7153616860e-01 0.0000000000e+00 
2.3070193183e-09 1.4350062419e+04 6.3055979181e-01 0.0000000000e+00 
6.2032206624e-08 1.9236757301e+04 6.2884855175e-01 0.0000000000e+00 
5.1767663848e-11 1.6923606400e+04 1.2018703387e+00 0.0000000000e+00 
4.2591082135e-10 1.7120056271e+04 8.3127109507e-01 0.0000000000e+00 
1.8016539582e-07 1.7858486618e+04 3.9624080231e-01 0.0000000000e+00 
5.4815328040e-10 1.8016254170e+04 1.0076174606e+00 0.0000000000e+00 
1.3904729381e-10 1.6844475436e+04 3.7953405226e-01 0.0000000000e+00 
6.2642466348e-10 1.8162961535e+04 7.2006182033e-01 0.0000000000e+00 
1.0428976445e-09 1.8479973211e+04 7.5548928064e-01 0.0000000000e+00 
3.5323318787e-08 1.5960757531e+04 8.8207755514e-01 0.0000000000e+00 
1.5088903338e-09 1.6776841232e+04 1.9898608913e-01 0.0000000000e+00 
3.9042321632e-08 1.9970311254e+04 9.8152626968e-01 0.0000000000e+00 
2.8053652979e-07 1.2261657136e+04 5.3495884400e-01 0.0000000000e+00 
9.7233277241e-10 1.8471095591e+04 1.4445756467e+00 0.0000000000e+00 
2.9320000000e-04 1.3428159783e+04 1.7922739820e-01 0.0000000000e+00 
4.0464146877e-05 1.5888585630e+04 6.7935729483e-01 0.0000000000e+00 
3.2677499857e-07 1.4936289955e+04 4.9835990840e-01 0.0000000000e+00 
1.9714220199e-09 1.9045825103e+04 1.0398043102e+00 0.0000000000e+00 
3.5387987602e-08 1.9192794527e+04 5.0090992300e-01 0.0000000000e+00 
9.4870569332e-07 1.3503541883e+04 5.2151721303e-01 0.0000000000e+00 
2.6487041470e-06 1.9858959223e+04 5.9910440267e-01 0.0000000000e+00 
5.1235258151e-08 1.4307678038e+04 5.8536087809e-01 0.0000000000e+00 
2.2773317821e-06 1.3377297530e+04 1.0791932225e+00 0.0000000000e+00 
7.8822613025e-09 1.1367297461e+04 1.0111176986e+00 0.0000000000e+00 
2.0216199045e-09 1.4589281170e+04 1.4085834682e+00 0.0000000000e+00 
2.9320000000e-04 1.7141295864e+04 3.7843218908e-01 0.0000000000e+00 
6.6164040229e-09 1.5199586821e+04 8.2149208710e-01 0.0000000000e+00 
3.0995981259e-07 1.7563406445e+04 1.1622598907e+00 0.0000000000e+00 
2.2531476702e-08 1.4850618197e+04 9.8016633264e-01 0.0000000000e+00 
1.2168643314e-08 1.8764367051e+04 1.2478121635e+00 0.0000000000e+00 
9.1743472598e-09 1.4783125837e+04 1.0237084698e+00 0.0000000000e+00 
4.8953319806e-09 1.2422850877e+04 5.2294420796e-01 0.0000000000e+00 
3.1571022441e-06 1.9286089047e+04 3.5872593878e-01 0.0000000000e+00 
1.3705786793e-07 1.6015747108e+04 4.8952257709e-01 0.0000000000e+00 
2.0743762865e-08 1.2424600253e+04 1.2636349602e+00 0.0000000000e+00 
3.3793633806e-07 1.7315174322e+04 9.0255499562e-01 0.0000000000e+00 
1.0604505045e-08 1.5417577826e+04 6.6416880048e-02 0.0000000000e+00 
1.0657553818e-06 1.9396123225e+04 6.6109598616e-01 0.0000000000e+00 
1.1336845402e-04 1.5658896308e+04 8.3268094264e-01 0.0000000000e+00 
2.5326370368e-11 1.2172922079e+04 1.0832928264e+00 0.0000000000e+00 
8.2315189716e-11 1.3883742547e+04 4.6217056153e-01 0.0000000000e+00 
1.5659004069e-09 1.8824302508e+04 7.8327390722e-01 0.0000000000e+00 
5.0404126767e-08 1.1306463449e+04 1.2174882915e+00 0.0000000000e+00 
1.9845731464e-08 1.5426397610e+04 7.3286706490e-01 0.0000000000e+00 
2.9489579710e-08 1.3052807547e+04 2.7570573150e-01 0.0000000000e+00 
1.2077636335e-10 1.4636362634e+04 1.5697335481e-01 0.0000000000e+00 
8.1258673898e-08 1.8641551739e+04 1.0358893522e+00 0.0000000000e+00 
4.6673842056e-06 1.2804331978e+04 9.5436918540e-01 0.0000000000e+00 
1.1182882945e-08 1.1555984224e+04 9.3618387420e-01 0.0000000000e+00 
9.2083123710e-08 1.5481460956e+04 4.2853141605e-01 0.0000000000e+00 
3.0724275115e-09 1.6286086076e+04 1.5965703709e-01 0.0000000000e+00 
2.9933332818e-09 1.7358230361e+04 7.4693871026e-01 0.0000000000e+00 
4.1495256089e-08 1.5307202115e+04 1.4714494788e+00 0.0000000000e+00 
8.1910350024e-10 1.4358204143e+04 1.3960316917e+00 0.0000000000e+00 
9.7165126439e-06 1.4483156212e+04 2.8564259365e-01 0.0000000000e+00 
1.8379320606e-09 1.1375360361e+04 2.4750390017e-01 0.0000000000e+00 
5.6682431771e-10 1.1247826285e+04 1.4225897136e+00 0.0000000000e+00 
1.4740302705e-10 1.3713072482e+04 8.6205963246e-01 0.0000000000e+00 
5.7396741758e-07 1.3636597505e+04 1.0947781525e+00 0.0000000000e+00 
2.0577035539e-10 1.8204371539e+04 6.5451920970e-01 0.0000000000e+00 
5.1053445405e-10 1.6895246955e+04 7.1096032525e-01 0.0000000000e+00 
1.7326311457e-09 1.6885873025e+04 6.9242282229e-01 0.0000000000e+00 
1.1170755352e-08 1.7144884759e+04 8.7700321433e-01 0.0000000000e+00 
2.9652675523e-09 1.9273741678e+04 6.9244740838e-01 0.0000000000e+00 
3.8368239690e-08 1.5274083489e+04 1.4062940229e+00 0.0000000000e+00 
2.8466718722e-09 1.7609079801e+04 1.0293613382e+00 0.0000000000e+00 
1.5774173467e-06 1.3198874723e+04 5.2421851940e-01 0.0000000000e+00 
1.1228138989e-08 1.8973863808e+04 1.2502870001e+00 0.0000000000e+00 
4.8708819146e-09 1.8188954241e+04 8.8857968293e-01 0.0000000000e+00 
1.0182741111e-07 1.9623813901e+04 1.0172532368e+00 0.0000000000e+00 
8.4039231420e-10 1.9047563138e+04 7.4623735258e-01 0.0000000000e+00 
8.3645543586e-11 1.3528772045e+04 8.7013572342e-01 0.0000000000e+00 
8.9144955375e-10 1.4204204173e+04 7.2341130453e-01 0.0000000000e+00 
3.4592535781e-08 1.7147284218e+04 8.3281310003e-01 0.0000000000e+00 
5.8238513955e-11 1.6393447936e+04 5.1636202573e-01 0.0000000000e+00 
3.0536218972e-09 1.2093521650e+04 9.1760843268e-01 0.0000000000e+00 
3.0368667117e-11 1.1696283246e+04 1.2766397171e+00 0.0000000000e+00 
4.2742342700e-11 1.5012280309e+04 7.4241789407e-01 0.0000000000e+00 
2.2460203963e-09 1.1703976679e+04 1.2998165475e-01 0.0000000000e+00 
4.1761971384e-06 1.9614772853e+04 8.8029256891e-01 0.0000000000e+00 
1.5617277822e-10 1.9618909460e+04 1.3204564330e+00 0.0000000000e+00 
2.9320000000e-04 1.9498076085e+04 2.6755650649e-01 0.0000000000e+00 
1.7269965437e-09 1.9666337752e+04 8.3903347611e-01 0.0000000000e+00 
2.7359797948e-08 1.9577451111e+04 3.9418336681e-01 0.0000000000e+00 
2.9320000000e-04 1.7417142981e+04 7.8944184063e-01 0.0000000000e+00 
1.0381834555e-07 1.9173599739e+04 1.0010273964e+00 0.0000000000e+00 
2.6165111198e-06 1.9771945636e+04 1.1951535539e+00 0.0000000000e+00 
1.2626900772e-09 1.3340263705e+04 5.0555346388e-01 0.0000000000e+00 
8.4012226596e-07 1.2095037273e+04 1.2743729917e+00 0.0000000000e+00 
3.8172134426e-11 1.2532548627e+04 7.1541791134e-01 0.0000000000e+00 
1.6935191525e-10 1.9805925848e+04 1.9887008303e-01 0.0000000000e+00 
1.0070855281e-07 1.6039009640e+04 3.6188286348e-01 0.0000000000e+00 
2.3724519890e-09 1.6692248609e+04 7.3732193326e-01 0.0000000000e+00 
2.9320000000e-04 1.4230180182e+04 6.5859731372e-01 0.0000000000e+00 
1.4946766516e-08 1.9620798251e+04 1.0123718727e+00 0.0000000000e+00 
7.0464028220e-10 1.9272102903e+04 3.2212291813e-01 0.0000000000e+00 
1.2981230269e-10 1.3042382587e+04 1.3177360336e+00 0.0000000000e+00 
6.3073070746e-10 1.9648972891e+04 1.0979251163e+00 0.0000000000e+00 
1.2844424391e-05 1.5733737027e+04 7.7456534993e-01 0.0000000000e+00 
2.8906236418e-10 1.4585732782e+04 4.4573712615e-01 0.0000000000e+00 
1.4159720697e-07 1.4307287956e+04 1.3028213809e+00 0.0000000000e+00 
2.1115157800e-09 1.9533021844e+04 5.9853397630e-01 0.0000000000e+00 
7.1590432850e-10 1.2896380679e+04 8.4322759833e-01 0.0000000000e+00 
7.7572102196e-10 1.4075679615e+04 2.2385831891e-01 0.0000000000e+00 
7.2537202499e-08 1.8460571388e+04 1.2659559239e+00 0.0000000000e+00 
3.1413773871e-09 1.5788062995e+04 7.1552756409e-01 0.0000000000e+00 
1.2500631406e-07 1.1861092515e+04 7.5076346085e-01 0.0000000000e+00 
2.9320000000e-04 1.1652821279e+04 2.3619580732e-01 0.0000000000e+00 
5.7439748352e-07 1.9351733130e+04 6.9694621360e-01 0.0000000000e+00 
5.9757325363e-10 1.8617604984e+04 8.2498116621e-01 0.0000000000e+00 
1.1827459781e-09 1.9960175664e+04 6.2213981501e-01 0.0000000000e+00 
2.1315639325e-06 1.2602584536e+04 1.1302733106e+00 0.0000000000e+00 
4.8565238446e-09 1.9210877595e+04 1.2362804905e+00 0.0000000000e+00 
3.9478966669e-10 1.8254655608e+04 1.2067761493e+00 0.0000000000e+00 
1.2136342564e-05 1.6060020097e+04 7.3190357009e-01 0.0000000000e+00 
3.2105395933e-05 1.8850972109e+04 1.7334918245e-01 0.0000000000e+00 
2.9320000000e-04 1.9535254946e+04 1.0503115966e+00 0.0000000000e+00 
1.3894401057e-07 1.3937482912e+04 9.1270034585e-01 0.0000000000e+00 
2.3535762416e-11 1.5521959123e+04 4.6075876839e-01 0.0000000000e+00 
3.9589778357e-10 1.1554656446e+04 5.6037209397e-01 0.0000000000e+00 
7.9852775208e-07 1.9973636563e+04 1.1990873688e+00 0.0000000000e+00 
1.0859327445e-08 1.7290290504e+04 8.1764999334e-01 0.0000000000e+00 
9.5864105527e-09 1.2041074030e+04 1.0380078947e+00 0.0000000000e+00 
1.0605743699e-09 1.5327918129e+04 1.0162523820e+00 0.0000000000e+00 
9.6814713471e-08 1.7073207336e+04 7.2332664084e-01 0.0000000000e+00 
2.3292585906e-09 1.5483689340e+04 8.0592708534e-01 0.0000000000e+00 
4.3146746207e-09 1.7996430050e+04 1.0140145781e+00 0.0000000000e+00 
6.5056695317e-08 1.8066681446e+04 1.0680336546e+00 0.0000000000e+00 
3.2138268086e-09 1.4238472264e+04 7.3562533959e-01 0.0000000000e+00 
9.5912041304e-11 1.3261380668e+04 1.4691049690e+00 0.0000000000e+00 
9.0405639559e-05 1.7403087695e+04 3.6374156380e-01 0.0000000000e+00 
2.9320000000e-04 1.2659950653e+04 3.0206276506e-01 0.0000000000e+00 
7.7543616951e-10 1.7697288893e+04 8.2826291606e-01 0.0000000000e+00 
2.6334999098e-10 1.1294315088e+04 9.0699645695e-01 0.0000000000e+00 
6.1146774064e-08 1.7798831415e+04 5.3824820206e-01 0.0000000000e+00 
3.2006637169e-10 1.7976695095e+04 8.0102140537e-01 0.0000000000e+00 
2.4447455932e-08 1.1462288114e+04 5.0836641234e-01 0.0000000000e+00 
2.1911512809e-09 1.3383288328e+04 1.1623081910e+00 0.0000000000e+00 
1.4581513520e-07 1.4095492824e+04 1.2078876232e+00 0.0000000000e+00 
7.4998495753e-10 1.4176409604e+04 4.9979812646e-01 0.0000000000e+00 
1.3963787063e-06 1.5208768837e+04 1.2541355178e+00 0.0000000000e+00 
1.0496447131e-08 1.2725498678e+04 4.0259826599e-01 0.0000000000e+00 
3.9124238939e-11 1.5881245169e+04 4.5656268909e-01 0.0000000000e+00 
7.8480125410e-06 1.5464555225e+04 8.2290359219e-01 0.0000000000e+00 
1.2748816149e-07 1.7521970221e+04 1.0232248962e+00 0.0000000000e+00 
6.3158975769e-08 1.8641389011e+04 1.0066667380e+00 0.0000000000e+00 
3.7767711852e-09 1.9745857380e+04 8.3407049058e-01 0.0000000000e+00 
4.9374870761e-06 1.8986274095e+04 2.9379535707e-01 0.0000000000e+00 
1.0142248037e-07 1.7445660740e+04 9.1523409500e-01 0.0000000000e+00 
7.7551955013e-09 1.8234454989e+04 1.0087492673e+00 0.0000000000e+00 
1.2807185025e-08 1.5603366085e+04 7.7791765760e-01 0.0000000000e+00 
6.2246003610e-10 1.3380230748e+04 1.8819457798e-01 0.0000000000e+00 
1.2260978892e-04 1.9878900048e+04 1.3969306609e+00 0.0000000000e+00 
1.7488426866e-09 1.7024354795e+04 1.0004434831e+00 0.0000000000e+00 
9.7689844791e-09 1.3715328943e+04 3.2209871892e-01 0.0000000000e+00 
4.5889469966e-07 1.2243701833e+04 1.0412272942e+00 0.0000000000e+00 
1.5079717652e-07 1.2392940095e+04 6.4584534265e-01 0.0000000000e+00 
8.9178809086e-10 1.7572831141e+04 1.2158639642e+00 0.0000000000e+00 
3.9424660155e-10 1.8326061669e+04 1.4746123501e+00 0.0000000000e+00 
3.5649978296e-08 1.3316116352e+04 6.6880721252e-01 0.0000000000e+00 
2.9320000000e-04 1.7687705828e+04 5.1665531915e-01 0.0000000000e+00 
7.7876433788e-07 1.3207707322e+04 1.1570200086e+00 0.0000000000e+00 
7.0152734438e-09 1.9251477397e+04 2.4757566589e-01 0.0000000000e+00 
2.9320000000e-04 1.1375890586e+04 8.7755626934e-01 0.0000000000e+00 
2.1259345904e-09 1.1218111553e+04 1.1311790476e+00 0.0000000000e+00 
5.9118309801e-07 1.7652789816e+04 8.0141287366e-01 0.0000000000e+00 
1.6011908140e-10 1.3089405477e+04 8.2122371123e-01 0.0000000000e+00 
9.9670932974e-10 1.2026603381e+04 6.7842228176e-01 0.0000000000e+00 
1.8909929591e-08 1.8304941262e+04 1.3334179704e+00 0.0000000000e+00 
3.0937854273e-07 1.2104390538e+04 9.6287121131e-01 0.0000000000e+00 
2.3166630143e-08 1.6997000559e+04 1.1735132793e+00 0.0000000000e+00 
1.7244523286e-08 1.7031002885e+04 1.1404782779e+00 0.0000000000e+00 
4.5891610361e-09 1.7196121545e+04 1.0413212910e+00 0.0000000000e+00 
2.9320000000e-04 1.4543193918e+04 6.9556983136e-01 0.0000000000e+00 
1.1587398984e-08 1.4730215155e+04 8.7380433130e-02 0.0000000000e+00 
8.1350438554e-08 1.3314917143e+04 5.8916998910e-01 0.0000000000e+00 
2.2053834685e-09 1.7443850420e+04 5.8703645226e-01 0.0000000000e+00 
2.2252224737e-07 1.6899021564e+04 1.0606374806e+00 0.0000000000e+00 
2.9450966015e-08 1.8191512846e+04 1.2142422319e+00 0.0000000000e+00 
3.0953848797e-06 1.2128195056e+04 3.3083509842e-01 0.0000000000e+00 
2.3897509774e-10 1.6737121793e+04 3.5540949991e-01 0.0000000000e+00 
1.7926492741e-08 1.4103604189e+04 1.0276354553e+00 0.0000000000e+00 
2.5394234543e-08 1.8017703495e+04 1.5544243404e-01 0.0000000000e+00 
3.1931992459e-10 1.4371504502e+04 9.4584633318e-01 0.0000000000e+00 
1.3582033335e-10 1.2239991275e+04 8.5658494971e-01 0.0000000000e+00 
4.1562059398e-09 1.7367226818e+04 5.4964001845e-01 0.0000000000e+00 
5.4430819824e-06 1.8968539873e+04 5.4868760372e-01 0.0000000000e+00 
2.8568338088e-04 1.8515244343e+04 1.3204181964e+00 0.0000000000e+00 
1.2776803789e-08 1.8083382874e+04 3.9152745277e-01 0.0000000000e+00 
2.9320000000e-04 1.5527260606e+04 1.0435705302e+00 0.0000000000e+00 
7.6056335417e-08 1.9640584137e+04 3.0419052249e-01 0.0000000000e+00 
2.9320000000e-04 1.5102319575e+04 5.5597678505e-01 0.0000000000e+00 
3.0533540503e-11 1.4887328709e+04 6.6164778633e-01 0.0000000000e+00 
2.9320000000e-04 1.3975577751e+04 7.2943185106e-01 0.0000000000e+00 
1.2854157391e-08 1.9825303635e+04 9.0959565740e-01 0.0000000000e+00 
1.2087867431e-05 1.2946691921e+04 1.2009411757e+00 0.0000000000e+00 
4.7343991114e-10 1.3554739913e+04 3.5987368763e-01 0.0000000000e+00 
9.6252222476e-09 1.3064193612e+04 7.0348365263e-01 0.0000000000e+00 
2.3265748013e-08 1.9277133459e+04 7.6820850289e-01 0.0000000000e+00 
5.9641920890e-10 1.4690109401e+04 6.7974495811e-01 0.0000000000e+00 
1.5169081901e-10 1.4715891664e+04 7.6440600276e-01 0.0000000000e+00 
5.8490094182e-09 1.4894290355e+04 1.2357167004e+00 0.0000000000e+00 
2.0097667645e-10 1.4801668279e+04 4.7005224409e-01 0.0000000000e+00 
7.6402833265e-10 1.1821794861e+04 5.1402457378e-01 0.0000000000e+00 
1.7897859884e-08 1.8546886083e+04 3.9958398516e-01 0.0000000000e+00 
4.5258065539e-09 1.1775135576e+04 5.6176344813e-01 0.0000000000e+00 
2.7321315984e-10 1.8694469185e+04 1.3483349331e+00 0.0000000000e+00 
7.7825317346e-10 1.7443918094e+04 1.1894263107e+00 0.0000000000e+00 
2.7075648681e-10 1.8419095459e+04 1.4451079185e+00 0.0000000000e+00 
4.1027742966e-09 1.1876396419e+04 1.0064480879e+00 0.0000000000e+00 
1.3413175950e-10 1.4313682639e+04 1.4785034296e-01 0.0000000000e+00 
2.6884764382e-09 1.7015950701e+04 7.9549358316e-01 0.0000000000e+00 
3.8436465161e-09 1.4351328635e+04 1.3028610274e+00 0.0000000000e+00 
5.2874815596e-08 1.4897345442e+04 1.4859632726e+00 0.0000000000e+00 
2.0195018087e-07 1.7228166412e+04 1.2712874532e+00 0.0000000000e+00 
4.3427015517e-08 1.2099146600e+04 5.0310762115e-01 0.0000000000e+00 
1.2936297348e-04 1.2399586606e+04 9.9962710907e-01 0.0000000000e+00 
8.4792072908e-06 1.8319535553e+04 8.7710224010e-01 0.0000000000e+00 
3.4134416749e-08 1.2526293267e+04 1.5036488006e+00 0.0000000000e+00 
8.5402141328e-09 1.5949582546e+04 4.3159001629e-01 0.0000000000e+00 
1.8033507100e-09 1.1721396626e+04 1.0422326841e+00 0.0000000000e+00 
4.1109850697e-09 1.9791539406e+04 1.0981317787e+00 0.0000000000e+00 
1.0712040794e-08 1.8258684446e+04 1.5085307596e-01 0.0000000000e+00 
3.3327436795e-09 1.7855085137e+04 1.0580478310e+00 0.0000000000e+00 
1.1824246937e-10 1.4645520842e+04 8.5053553187e-01 0.0000000000e+00 
9.6950721060e-05 1.6776842241e+04 1.1909126993e+00 0.0000000000e+00 
1.1547070533e-07 1.5243897552e+04 1.1767800579e+00 0.0000000000e+00 
6.4001187030e-11 1.6270993704e+04 5.3197282106e-01 0.0000000000e+00 
2.5930790626e-08 1.1934953262e+04 1.4241763677e+00 0.0000000000e+00 
7.7438734438e-09 1.9585970306e+04 6.3400990439e-01 0.0000000000e+00 
1.1459372893e-09 1.7555929676e+04 1.2382839806e+00 0.0000000000e+00 
8.7300611522e-09 1.5064198209e+04 1.1975104099e+00 0.0000000000e+00 
2.9320000000e-04 1.1984277851e+04 1.3250795586e+00 0.0000000000e+00 
1.6606544468e-09 1.3252390206e+04 1.2352658964e+00 0.0000000000e+00 
6.2291102036e-07 1.5940188455e+04 3.1745325486e-01 0.0000000000e+00 
4.1539639541e-11 1.4858006592e+04 7.5063127653e-01 0.0000000000e+00 
1.6320232326e-10 1.7792775838e+04 7.9499016251e-01 0.0000000000e+00 
2.8526252295e-09 1.2631902485e+04 9.6664474326e-01 0.0000000000e+00 
2.8860411766e-07 1.7638053240e+04 3.9387081642e-01 0.0000000000e+00 
5.8473428490e-09 1.6260893725e+04 9.5212719393e-01 0.0000000000e+00 
2.3308334701e-10 1.2241931159e+04 1.2609034015e+00 0.0000000000e+00 
2.2473647178e-09 1.9080522673e+04 8.9415971014e-01 0.0000000000e+00 
2.9886917807e-07 1.8218699504e+04 7.2891132939e-01 0.0000000000e+00 
6.6657891440e-07 1.7946028169e+04 1.1751444714e+00 0.0000000000e+00 
2.3049075877e-09 1.4340587416e+04 9.7979723421e-01 0.0000000000e+00 
1.2276619682e-08 1.7175773551e+04 7.6493351557e-01 0.0000000000e+00 
2.2484160619e-10 1.2189644648e+04 1.0708143048e+00 0.0000000000e+00 
6.5323805983e-09 1.1352961720e+04 1.3435909870e+00 0.0000000000e+00 
4.1155446602e-08 1.9692515767e+04 1.0563532485e+00 0.0000000000e+00 
3.5291449125e-11 1.5767028239e+04 3.9681927209e-01 0.0000000000e+00 
1.8310664818e-10 1.5725874095e+04 6.9925404622e-01 0.0000000000e+00 
8.8730915031e-11 1.7044871001e+04 1.9929659191e-01 0.0000000000e+00 
7.7061305905e-07 1.4620953790e+04 1.0053540493e+00 0.0000000000e+00 
1.1302697969e-10 1.9157713588e+04 7.9797542849e-01 0.0000000000e+00 
1.6128911621e-09 1.1639781256e+04 5.9040346032e-01 0.0000000000e+00 
1.8341587979e-07 1.3838870997e+04 9.8056205865e-01 0.0000000000e+00 
1.2621395092e-09 1.3258695059e+04 2.9684960484e-01 0.0000000000e+00 
5.3235762858e-09 1.4527456849e+04 1.2631975586e+00 0.0000000000e+00 
3.9494048368e-06 1.8618184529e+04 4.6800835363e-01 0.0000000000e+00 
1.0417418070e-10 1.9918631324e+04 2.0415708870e-01 0.0000000000e+00 
7.5908313155e-06 1.3099591319e+04 7.6348717003e-01 0.0000000000e+00 
7.9107553954e-11 1.9992161018e+04 8.7786496243e-01 0.0000000000e+00 
5.2665659230e-08 1.3732678640e+04 6.9648324689e-01 0.0000000000e+00 
8.0518201614e-07 1.9829055538e+04 5.3430365437e-01 0.0000000000e+00 
2.1279439084e-09 1.3190626278e+04 8.3731961468e-01 0.0000000000e+00 
5.5386891722e-10 1.5297187773e+04 7.9485195445e-01 0.0000000000e+00 
1.1261589558e-10 1.8084234825e+04 5.2499449706e-01 0.0000000000e+00 
1.1237124591e-09 1.9704327556e+04 7.6757459962e-01 0.0000000000e+00 
3.1860407784e-07 1.1225061085e+04 7.2533845118e-01 0.0000000000e+00 
1.7279227138e-08 1.8186650261e+04 8.2977204066e-01 0.0000000000e+00 
8.5030412307e-06 1.8081899976e+04 3.1103496931e-01 0.0000000000e+00 
5.4141696769e-09 1.6962200245e+04 6.5887968558e-01 0.0000000000e+00 
3.9455440799e-07 1.3518478322e+04 9.9109568375e-01 0.0000000000e+00 
9.4631668417e-07 1.7946747223e+04 4.6871667654e-01 0.0000000000e+00 
2.4969543085e-08 1.8811652281e+04 6.7546659861e-01 0.0000000000e+00 
1.3049409708e-10 1.2848172437e+04 1.2518098131e+00 0.0000000000e+00 
5.3694289040e-11 1.7249284165e+04 1.0315973903e+00 0.0000000000e+00 
2.9320000000e-04 1.8718970739e+04 6.9465086819e-01 0.0000000000e+00 
3.1871507768e-11 1.6359850377e+04 6.4478106103e-01 0.0000000000e+00 
4.0683159742e-09 1.4017751521e+04 1.3012064375e+00 0.0000000000e+00 
3.4795261529e-11 1.7933268624e+04 9.1203424826e-01 0.0000000000e+00 
4.4838410762e-10 1.1217915485e+04 1.0423516187e+00 0.0000000000e+00 
3.3242835513e-11 1.7109909479e+04 2.0044573024e-01 0.0000000000e+00 
6.7608364050e-08 1.5786414011e+04 2.5509382883e-01 0.0000000000e+00 
2.0608803390e-07 1.7879403741e+04 4.7797365575e-01 0.0000000000e+00 
5.3323257419e-05 1.3986929885e+04 8.8807725024e-01 0.0000000000e+00 
1.1413968365e-08 1.3535777437e+04 7.5503281475e-01 0.0000000000e+00 
1.3792611397e-07 1.9604636647e+04 9.9108807637e-01 0.0000000000e+00 
2.9320000000e-04 1.1588318267e+04 5.6665187433e-01 0.0000000000e+00 
2.3495502394e-06 1.1760014205e+04 5.5798805746e-01 0.0000000000e+00 
2.7355594867e-09 1.6740648890e+04 6.5758095334e-01 0.0000000000e+00 
1.5311677543e-10 1.9209323875e+04 1.1824671367e+00 0.0000000000e+00 
8.0986469838e-07 1.4334258653e+04 7.2580606137e-01 0.0000000000e+00 
1.2655073457e-10 1.4235718730e+04 3.6881564291e-01 0.0000000000e+00 
1.8893962267e-08 1.3354486385e+04 7.9364710327e-01 0.0000000000e+00 
2.9320000000e-04 1.9473840744e+04 9.6482726481e-01 0.0000000000e+00 
1.2819046034e-07 1.3334453691e+04 5.1719215510e-01 0.0000000000e+00 
1.0732085386e-09 1.5896685351e+04 9.9704639370e-01 0.0000000000e+00 
4.3708982482e-11 1.5296930510e+04 6.9117336894e-01 0.0000000000e+00 
3.9505818646e-08 1.7423171561e+04 9.5723291044e-01 0.0000000000e+00 
4.6925424178e-09 1.4785251806e+04 5.9886248163e-01 0.0000000000e+00 
5.3867545170e-08 1.1218045229e+04 9.7762039515e-01 0.0000000000e+00 
9.5791878785e-07 1.2357277275e+04 9.1780462479e-01 0.0000000000e+00 
2.1996809775e-07 1.1481238945e+04 1.2031691174e+00 0.0000000000e+00 
3.0252360912e-09 1.7778788926e+04 5.9214205952e-01 0.0000000000e+00 
2.5233914842e-09 1.8717179899e+04 1.3420087731e+00 0.0000000000e+00 
2.8975076577e-07 1.8753415042e+04 9.7019309366e-01 0.0000000000e+00 
1.8229469976e-09 1.5013374762e+04 4.4886691895e-01 0.0000000000e+00 
3.0555399157e-06 1.1598583111e+04 1.2690507021e+00 0.0000000000e+00 
2.9320000000e-04 1.1620765337e+04 9.9700557529e-01 0.0000000000e+00 
1.4985456758e-05 1.6463263236e+04 1.4427370234e+00 0.0000000000e+00 
4.6144242994e-07 1.3716258515e+04 5.4971518819e-01 0.0000000000e+00 
6.9315944385e-09 1.7965022287e+04 3.8101923456e-01 0.0000000000e+00 
6.3392658999e-07 1.7811048760e+04 9.2785695098e-01 0.0000000000e+00 
6.5228267377e-10 1.8478154171e+04 2.9484209031e-01 0.0000000000e+00 
1.0898985817e-09 1.4950222317e+04 8.5204887159e-01 0.0000000000e+00 
7.5554418446e-05 1.5628890149e+04 1.0189783928e+00 0.0000000000e+00 
1.8128984755e-10 1.5713776306e+04 2.6794638524e-01 0.0000000000e+00 
1.6603633210e-09 1.4624516653e+04 1.0955070456e+00 0.0000000000e+00 
7.3369320210e-10 1.3700486688e+04 8.6812255153e-01 0.0000000000e+00 
6.4355516750e-09 1.9848363256e+04 1.4351344625e+00 0.0000000000e+00 
1.5645669514e-10 1.3645522372e+04 1.1348661458e+00 0.0000000000e+00 
9.9378270092e-10 1.7579242773e+04 1.0120596959e+00 0.0000000000e+00 
1.3390289227e-09 1.5606971981e+04 9.6265550177e-01 0.0000000000e+00 
1.5228320813e-06 1.7270135660e+04 7.3747347917e-01 0.0000000000e+00 
2.9320000000e-04 1.1650533569e+04 3.9681943492e-01 0.0000000000e+00 
1.0106868493e-09 1.5862656936e+04 7.8724023792e-01 0.0000000000e+00 
1.6773091710e-07 1.2424083281e+04 1.3327099060e+00 0.0000000000e+00 
1.4901199423e-09 1.2319739139e+04 9.1846806365e-01 0.0000000000e+00 
4.3807680916e-10 1.8915453070e+04 3.6090867602e-01 0.0000000000e+00 
2.3184727881e-10 1.9064182437e+04 1.7692287062e-01 0.0000000000e+00 
7.2748842109e-07 1.5526076250e+04 7.7414444587e-01 0.0000000000e+00 
5.2875883524e-10 1.1397647323e+04 3.4351546855e-01 0.0000000000e+00 
2.9320000000e-04 1.3491523783e+04 1.2199016821e+00 0.0000000000e+00 
2.4282255522e-09 1.8369936550e+04 6.9377301303e-01 0.0000000000e+00 
1.1652654442e-10 1.9541246002e+04 1.2344139345e+00 0.0000000000e+00 
2.0210339856e-08 1.1710966721e+04 9.3623876648e-01 0.0000000000e+00 
8.4769383473e-09 1.6540711493e+04 1.1738946084e+00 0.0000000000e+00 
3.5492284663e-09 1.9752312082e+04 5.3610640869e-01 0.0000000000e+00 
8.2100582607e-06 1.7389369710e+04 1.0713845052e+00 0.0000000000e+00 
2.0320820893e-10 1.5782845797e+04 3.5545718288e-01 0.0000000000e+00 
2.2614441742e-08 1.4210396643e+04 1.2454839015e+00 0.0000000000e+00 
2.3588983861e-08 1.9180936054e+04 3.8734055387e-01 0.0000000000e+00 
4.2280107953e-09 1.6763828824e+04 9.5365847757e-01 0.0000000000e+00 
6.3657981015e-08 1.9712853885e+04 1.1565134639e+00 0.0000000000e+00 
2.1034388153e-09 1.4619853277e+04 1.2466456092e+00 0.0000000000e+00 
1.5458014438e-09 1.9258869165e+04 6.3709635738e-01 0.0000000000e+00 
3.5099045907e-08 1.5229633846e+04 1.4594382342e+00 0.0000000000e+00 
9.2434100899e-08 1.5016343128e+04 8.5000006459e-01 0.0000000000e+00 
1.2003834180e-08 1.5510318075e+04 7.7121452902e-01 0.0000000000e+00 
8.7561907709e-07 1.4188793842e+04 1.2501183212e+00 0.0000000000e+00 
1.4117656618e-08 1.3884010639e+04 1.1315366244e+00 0.0000000000e+00 
1.0760337462e-10 1.3812415720e+04 7.4360345128e-01 0.0000000000e+00 
3.3849083949e-09 1.7371239029e+04 6.4158291692e-01 0.0000000000e+00 
1.1400718312e-10 1.6123587228e+04 4.7873423777e-01 0.0000000000e+00 
9.9210106941e-09 1.9566800513e+04 4.7029722281e-01 0.0000000000e+00 
3.3710581718e-11 1.9630936756e+04 6.2074020942e-01 0.0000000000e+00 
6.2436283182e-10 1.6876599226e+04 7.1569851031e-01 0.0000000000e+00 
7.1016345613e-10 1.3149120360e+04 9.0967123977e-01 0.0000000000e+00 
1.7164708630e-09 1.6497079366e+04 9.5011078138e-01 0.0000000000e+00 
3.2640028220e-09 1.5821575093e+04 1.3788294114e+00 0.0000000000e+00 
4.1246899092e-08 1.9192560183e+04 1.2518998062e+00 0.0000000000e+00 
1.4689308351e-07 1.4620087423e+04 4.3219289257e-01 0.0000000000e+00 
1.1878579465e-09 1.8180295351e+04 1.2242710685e+00 0.0000000000e+00 
2.3468605535e-08 1.9077351295e+04 5.9536648366e-01 0.0000000000e+00 
3.1435220765e-07 1.9617953967e+04 1.1371582724e+00 0.0000000000e+00 
4.6606402302e-07 1.3953111379e+04 5.9064206536e-01 0.0000000000e+00 
6.3897667163e-08 1.1354866312e+04 1.3732570508e+00 0.0000000000e+00 
2.9108969133e-10 1.4445144096e+04 4.8877982833e-01 0.0000000000e+00 
1.0770296022e-10 1.5863642832e+04 9.4424382680e-01 0.0000000000e+00 
2.0731063030e-09 1.9611932479e+04 3.9708676791e-01 0.0000000000e+00 
2.1722464801e-09 1.7167214988e+04 1.1548195831e+00 0.0000000000e+00 
3.3330228409e-09 1.6443638421e+04 1.1185253361e+00 0.0000000000e+00 
2.9320000000e-04 1.9925543646e+04 5.8520243552e-01 0.0000000000e+00 
1.0796454479e-08 1.4728751352e+04 7.2797625081e-01 0.0000000000e+00 
4.9610240440e-11 1.1831779796e+04 3.5571673751e-01 0.0000000000e+00 
1.0325936285e-07 1.8446257656e+04 1.1625887647e+00 0.0000000000e+00 
1.1472454722e-09 1.7993579966e+04 1.0716242190e+00 0.0000000000e+00 
1.9290268468e-10 1.8965187161e+04 6.0991460609e-01 0.0000000000e+00 
1.0115659079e-10 1.6247174565e+04 6.6834677607e-01 0.0000000000e+00 
1.6131047923e-07 1.3357143964e+04 7.5247055772e-01 0.0000000000e+00 
2.9320000000e-04 1.8784088245e+04 3.4377513059e-01 0.0000000000e+00 
3.2374126494e-08 1.1521415118e+04 4.3397353109e-01 0.0000000000e+00 
4.8013241507e-09 1.8214585310e+04 8.3186807748e-01 0.0000000000e+00 
8.8632930700e-08 1.1837110980e+04 5.5041636206e-01 0.0000000000e+00 
1.0596267637e-09 1.9073939958e+04 1.4427643382e+00 0.0000000000e+00 
6.7995068919e-11 1.4533846457e+04 1.2226232375e+00 0.0000000000e+00 
5.7594974024e-06 1.1598412713e+04 8.4606322131e-01 0.0000000000e+00 
9.2736057555e-10 1.2481669603e+04 1.8721197882e-01 0.0000000000e+00 
3.1099151951e-10 1.3421969296e+04 6.6281216266e-01 0.0000000000e+00 
1.5920753218e-09 1.8645564305e+04 5.4033715674e-01 0.0000000000e+00 
1.0046214575e-09 1.7936518394e+04 5.0019812268e-01 0.0000000000e+00 
1.7286132007e-08 1.5609097922e+04 5.5463730043e-01 0.0000000000e+00 
2.3721503187e-09 1.3746879722e+04 6.5096637825e-02 0.0000000000e+00 
1.5850333221e-09 1.4417899741e+04 5.4454743621e-01 0.0000000000e+00 
3.0270177233e-09 1.2547650953e+04 1.3732551564e+00 0.0000000000e+00 
3.5752214587e-10 1.3292967903e+04 8.8496382827e-01 0.0000000000e+00 
7.8414413026e-07 1.3315190755e+04 9.2776592410e-01 0.0000000000e+00 
2.3889874009e-09 1.4220882318e+04 1.0763335427e+00 0.0000000000e+00 
9.7085578641e-09 1.1426609481e+04 4.7591137799e-01 0.0000000000e+00 
3.1648188224e-08 1.7703943142e+04 1.2406765185e+00 0.0000000000e+00 
3.5969036604e-07 1.7602658076e+04 1.3260258038e+00 0.0000000000e+00 
1.6536095823e-07 1.7004182973e+04 1.1217744063e+00 0.0000000000e+00 
2.9320000000e-04 1.7611295952e+04 1.4401711382e+00 0.0000000000e+00 
2.3941039461e-07 1.3547539771e+04 3.0234234978e-01 0.0000000000e+00 
1.1149161423e-07 1.3043316519e+04 5.7070600286e-01 0.0000000000e+00 
4.3755491588e-10 1.7273410822e+04 1.1297627326e+00 0.0000000000e+00 
6.4744285230e-09 1.2920567891e+04 1.2993670253e+00 0.0000000000e+00 
2.7501505013e-10 1.9878032265e+04 5.7198457208e-02 0.0000000000e+00 
9.6902215814e-05 1.7706818629e+04 6.0001624023e-01 0.0000000000e+00 
3.7422255785e-08 1.8948444917e+04 1.2998763259e+00 0.0000000000e+00 
6.1221224135e-07 1.2299928663e+04 1.1817402422e+00 0.0000000000e+00 
1.2241849637e-10 1.9721719812e+04 4.0609402298e-01 0.0000000000e+00 
2.0046256088e-08 1.7535186724e+04 5.9518139714e-01 0.0000000000e+00 
1.2764180690e-07 1.5764943188e+04 1.3389699021e-01 0.0000000000e+00 
5.7250703753e-07 1.7411964380e+04 7.4240738916e-01 0.0000000000e+00 
3.6890426233e-06 1.5893206904e+04 9.9146332013e-01 0.0000000000e+00 
6.5292720527e-09 1.2114140420e+04 1.1094982126e+00 0.0000000000e+00 
8.4587555104e-09 1.4179698692e+04 2.8761332524e-01 0.0000000000e+00 
8.8373855309e-11 1.6767649376e+04 1.1544831954e-01 0.0000000000e+00 
6.8036529985e-11 1.2457585974e+04 1.4047751289e+00 0.0000000000e+00 
1.7993393399e-10 1.7369406529e+04 1.2605807342e+00 0.0000000000e+00 
1.4964876971e-08 1.4305159422e+04 8.1168905279e-01 0.0000000000e+00 
8.8566029328e-08 1.3451689628e+04 8.8010199462e-01 0.0000000000e+00 
2.9320000000e-04 1.9139528643e+04 1.0504581235e+00 0.0000000000e+00 
1.0620728695e-07 1.8596790778e+04 4.0792107152e-01 0.0000000000e+00 
1.6735187098e-07 1.7634368500e+04 1.4908163671e+00 0.0000000000e+00 
3.8581255759e-08 1.8836602223e+04 1.3570249895e+00 0.0000000000e+00 
5.1430590745e-11 1.6380979332e+04 1.4634119029e-01 0.0000000000e+00 
1.7945021771e-07 1.5463829340e+04 5.1011565704e-01 0.0000000000e+00 
2.9635167100e-10 1.2802176798e+04 8.8471017002e-01 0.0000000000e+00 
7.6902917283e-09 1.1975546572e+04 7.4705663780e-01 0.0000000000e+00 
6.8806661752e-10 1.3640199192e+04 3.1432292290e-01 0.0000000000e+00 
2.3680409892e-10 1.5316308265e+04 1.0232518836e+00 0.0000000000e+00 
1.9349865325e-09 1.4702480802e+04 8.8703892909e-01 0.0000000000e+00 
2.8766934598e-10 1.4881210623e+04 1.4031313529e+00 0.0000000000e+00 
9.2026938595e-09 1.1506454189e+04 3.6957733409e-01 0.0000000000e+00 
1.4679251791e-09 1.8513191944e+04 1.0224070873e+00 0.0000000000e+00 
8.9867445443e-09 1.9409501393e+04 3.5929002701e-01 0.0000000000e+00 
1.7312967588e-09 1.4988908925e+04 5.8909888428e-01 0.0000000000e+00 
5.4922623795e-08 1.6709590307e+04 9.2338398802e-01 0.0000000000e+00 
1.2572150692e-05 1.3321152253e+04 1.0761721574e+00 0.0000000000e+00 
2.0710130278e-10 1.8191306264e+04 3.7171951688e-01 0.0000000000e+00 
2.5373408206e-07 1.6782944812e+04 7.7248314880e-01 0.0000000000e+00 
3.3149124929e-08 1.3816263155e+04 1.2799247511e+00 0.0000000000e+00 
1.6837636086e-05 1.8248020631e+04 1.3670923508e+00 0.0000000000e+00 
3.9767259478e-08 1.9724346950e+04 9.7149848001e-01 0.0000000000e+00 
8.8641038865e-10 1.2598683748e+04 1.0172141335e+00 0.0000000000e+00 
1.2977397158e-08 1.2148177992e+04 7.1508782373e-01 0.0000000000e+00 
3.5440719140e-08 1.5210577759e+04 4.1875067341e-01 0.0000000000e+00 
2.0655322615e-07 1.4641058004e+04 7.8358735515e-01 0.0000000000e+00 
7.6349553367e-07 1.4169120111e+04 5.9788014083e-01 0.0000000000e+00 
1.8394379599e-09 1.1653397270e+04 6.2509240743e-01 0.0000000000e+00 
4.7241847146e-06 1.9850984193e+04 1.1892470755e+00 0.0000000000e+00 
9.0435009654e-10 1.4163700667e+04 7.5719329358e-01 0.0000000000e+00 
2.7932519115e-08 1.4347930663e+04 1.3377679276e+00 0.0000000000e+00 
3.2324319289e-10 1.2628519150e+04 1.0097548544e+00 0.0000000000e+00 
9.0014019178e-07 1.3959117927e+04 8.1794055714e-01 0.0000000000e+00 
4.5188782673e-09 1.2322423429e+04 1.0486394563e+00 0.0000000000e+00 
1.1150469275e-07 1.1542464142e+04 7.6670247004e-01 0.0000000000e+00 
4.9375371519e-07 1.8086047794e+04 8.9998155682e-01 0.0000000000e+00 
1.4173382978e-08 1.7332374350e+04 7.4973549690e-01 0.0000000000e+00 
2.1659795341e-09 1.8187801617e+04 1.0506762690e+00 0.0000000000e+00 
5.6597987445e-08 1.9727901686e+04 1.1430727708e+00 0.0000000000e+00 
1.2559545746e-08 1.9556660604e+04 4.7880017675e-01 0.0000000000e+00 
7.1118840540e-10 1.9572809395e+04 1.3006448186e+00 0.0000000000e+00 
1.1795519688e-10 1.8401998067e+04 8.1499025791e-01 0.0000000000e+00 
4.3306041533e-07 1.6758910041e+04 7.2537944898e-01 0.0000000000e+00 
4.6288618326e-07 1.8482244494e+04 8.6142823113e-01 0.0000000000e+00 
4.3995925047e-11 1.5869595334e+04 8.1061881321e-01 0.0000000000e+00 
8.8063912898e-08 1.8395900917e+04 7.3951126653e-01 0.0000000000e+00 
4.3771919546e-09 1.9986918753e+04 8.1477217890e-01 0.0000000000e+00 
3.2665027602e-07 1.9004769182e+04 6.0157427550e-01 0.0000000000e+00 
9.4211180477e-09 1.5807975715e+04 1.2975077401e-01 0.0000000000e+00 
3.6260476593e-06 1.3578597839e+04 7.4484634724e-01 0.0000000000e+00 
1.9845942081e-06 1.9173209683e+04 5.1501240288e-01 0.0000000000e+00 
5.6987528066e-10 1.2244987842e+04 3.9122254354e-01 0.0000000000e+00 
2.6355364266e-05 1.7364903535e+04 7.7331654261e-01 0.0000000000e+00 
1.0261400264e-07 1.2188172479e+04 2.5374749869e-01 0.0000000000e+00 
1.0746271285e-09 1.7350374037e+04 1.1630877433e+00 0.0000000000e+00 
2.6256122108e-07 1.6420202518e+04 1.0391791909e+00 0.0000000000e+00 
1.6363422035e-07 1.3124138208e+04 5.0577988866e-01 0.0000000000e+00 
5.2152910881e-09 1.2016034831e+04 5.9462315868e-01 0.0000000000e+00 
2.1889764750e-08 1.2894066701e+04 6.7986433920e-01 0.0000000000e+00 
6.2729056418e-10 1.6868169972e+04 7.4412519491e-01 0.0000000000e+00 
2.9320000000e-04 1.6142664578e+04 2.6030472377e-01 0.0000000000e+00 
5.0474981055e-08 1.8495421130e+04 4.5313607528e-01 0.0000000000e+00 
1.2196139835e-10 1.9352603691e+04 1.0154962558e+00 0.0000000000e+00 
1.5710109262e-09 1.9749095072e+04 4.3420950762e-01 0.0000000000e+00 
2.4866304859e-08 1.9567024936e+04 3.9123405985e-01 0.0000000000e+00 
2.1676853065e-06 1.7862658729e+04 5.8204244515e-01 0.0000000000e+00 
4.7632445162e-08 1.5711645478e+04 2.4022450402e-01 0.0000000000e+00 
3.5360521395e-09 1.2508010965e+04 5.6944389038e-01 0.0000000000e+00 
2.2594792246e-10 1.3193640614e+04 7.2321548980e-01 0.0000000000e+00 
2.5325807427e-09 1.5290695591e+04 7.0322771952e-01 0.0000000000e+00 
2.3187387763e-08 1.7448110187e+04 9.6625262782e-01 0.0000000000e+00 
4.5202193242e-09 1.6289211023e+04 1.0668666272e+00 0.0000000000e+00 
6.5561053083e-09 1.3385318036e+04 5.7923566577e-01 0.0000000000e+00 
6.7136731337e-11 1.7387758876e+04 1.1360336781e+00 0.0000000000e+00 
9.3097090800e-07 1.4123894530e+04 8.8141727796e-01 0.0000000000e+00 
3.6507110339e-10 1.1850340720e+04 9.8669840714e-02 0.0000000000e+00 
2.3216552553e-10 1.6656814833e+04 8.1900159590e-01 0.0000000000e+00 
4.5349919315e-10 1.3379142783e+04 9.0869183404e-01 0.0000000000e+00 
8.5970398164e-09 1.9759521654e+04 3.9665031269e-01 0.0000000000e+00 
5.6912537257e-09 1.3989867648e+04 1.1547371679e+00 0.0000000000e+00 
8.8719538230e-08 1.2838351985e+04 8.7968263094e-01 0.0000000000e+00 
4.5352553597e-07 1.8437652832e+04 7.6321757851e-01 0.0000000000e+00 
2.1551034259e-09 1.5715748429e+04 1.4494320606e+00 0.0000000000e+00 
2.1732324374e-07 1.6218763593e+04 1.0753792558e+00 0.0000000000e+00 
1.5346305667e-09 1.2183244748e+04 2.2539743174e-01 0.0000000000e+00 
1.7772937392e-10 1.4697130667e+04 9.0316083656e-01 0.0000000000e+00 
6.2137723123e-09 1.5760114230e+04 1.2040929995e+00 0.0000000000e+00 
4.9795576035e-08 1.9831806305e+04 1.2955059735e+00 0.0000000000e+00 
6.1505907892e-08 1.1780610121e+04 7.8839583271e-01 0.0000000000e+00 
5.7616673162e-09 1.6111094908e+04 5.0607712471e-01 0.0000000000e+00 
2.1486387448e-07 1.2558303221e+04 1.0887399691e+00 0.0000000000e+00 
1.0013401160e-09 1.5229865757e+04 5.2545242552e-01 0.0000000000e+00 
8.1254687843e-08 1.9062472931e+04 1.1423197667e+00 0.0000000000e+00 
6.2810482200e-11 1.7289430931e+04 8.7035090730e-01 0.0000000000e+00 
1.1185299079e-08 1.3472557246e+04 9.9597725407e-01 0.0000000000e+00 
6.8270126274e-08 1.6967788301e+04 5.4367023317e-01 0.0000000000e+00 
1.6348271946e-09 1.9859429985e+04 1.0943583973e+00 0.0000000000e+00 
6.3017141978e-11 1.9086574312e+04 1.0489066255e+00 0.0000000000e+00 
7.4149660269e-08 1.3371729833e+04 1.0028452646e+00 0.0000000000e+00 
1.0229605098e-10 1.5130591910e+04 1.0200504274e+00 0.0000000000e+00 
2.3996603410e-10 1.2817113158e+04 3.0151476494e-01 0.0000000000e+00 
2.1725485370e-08 1.1456165110e+04 1.2999519148e+00 0.0000000000e+00 
3.2644152028e-09 1.1562912870e+04 1.0568719153e+00 0.0000000000e+00 
1.6955731219e-10 1.3517371147e+04 9.4323399486e-01 0.0000000000e+00 
6.4397257765e-10 1.6479753853e+04 8.7024045700e-01 0.0000000000e+00 
4.9988198015e-11 1.5646827641e+04 4.1598601628e-01 0.0000000000e+00 
8.6972593895e-10 1.4653697581e+04 5.2935198586e-01 0.0000000000e+00 
1.0630295750e-06 1.3119657894e+04 9.6380700848e-01 0.0000000000e+00 
2.4284670319e-09 1.7048665106e+04 3.5167783357e-01 0.0000000000e+00 
9.7815747782e-07 1.6640400175e+04 6.0374884126e-01 0.0000000000e+00 
2.3510481105e-08 1.9027760004e+04 3.9070684408e-01 0.0000000000e+00 
4.3658638870e-09 1.2456034215e+04 3.0265516210e-01 0.0000000000e+00 
2.4054795365e-10 1.3591536274e+04 2.3006160150e-01 0.0000000000e+00 
1.3842122407e-09 1.4868026032e+04 7.7982833288e-01 0.0000000000e+00 
2.9320000000e-04 1.9296637857e+04 1.1461621624e+00 0.0000000000e+00 
5.8707136781e-06 1.4863986234e+04 7.6546078585e-01 0.0000000000e+00 
1.4318861602e-08 1.5244791476e+04 6.6417832418e-01 0.0000000000e+00 
1.3047119188e-06 1.5000647733e+04 8.6798515529e-02 0.0000000000e+00 
2.8141997100e-07 1.3330484048e+04 2.6764605655e-01 0.0000000000e+00 
5.6800506270e-05 1.9981118778e+04 1.1551727936e+00 0.0000000000e+00 
7.8775148806e-10 1.3628649175e+04 6.7193617596e-01 0.0000000000e+00 
1.2799745710e-09 1.9905063685e+04 1.3243974001e+00 0.0000000000e+00 
1.0323913103e-09 1.3073657074e+04 7.1009592510e-01 0.0000000000e+00 
1.0456054064e-07 1.4082949506e+04 6.5680243987e-01 0.0000000000e+00 
2.4887023286e-09 1.5761879267e+04 5.3996890890e-01 0.0000000000e+00 
4.7199529710e-10 1.9859793686e+04 7.1981117087e-01 0.0000000000e+00 
2.4373912447e-06 1.7000423678e+04 4.5532254079e-01 0.0000000000e+00 
2.0033276789e-07 1.4660010047e+04 8.5641159028e-01 0.0000000000e+00 
2.7328700395e-07 1.3195026343e+04 2.6652566743e-01 0.0000000000e+00 
9.6566328581e-11 1.7485158651e+04 9.0758950614e-01 0.0000000000e+00 
6.2805853192e-08 1.4977835120e+04 2.3806344578e-01 0.0000000000e+00 
6.0932535801e-09 1.8533624311e+04 8.3756768727e-01 0.0000000000e+00 
4.3312139802e-11 1.1828758017e+04 5.6459281599e-01 0.0000000000e+00 
8.3027204570e-09 1.4009064982e+04 1.1067891570e+00 0.0000000000e+00 
6.6307493116e-07 1.5873493503e+04 5.2383289371e-01 0.0000000000e+00 
1.0341854677e-04 1.6920166260e+04 7.7490970981e-01 0.0000000000e+00 
5.3290139739e-07 1.6706114409e+04 3.9662393522e-01 0.0000000000e+00 
1.6625385919e-08 1.6036527445e+04 5.7441634396e-01 0.0000000000e+00 
2.1676769941e-09 1.9841739008e+04 1.0102870603e+00 0.0000000000e+00 
2.0213360151e-08 1.7317180355e+04 3.0409708406e-01 0.0000000000e+00 
4.3920368346e-09 1.9694508736e+04 8.8627683429e-01 0.0000000000e+00 
4.4801603956e-08 1.7075846663e+04 2.2118037941e-01 0.0000000000e+00 
4.2770624407e-10 1.4697856826e+04 3.7856936523e-01 0.0000000000e+00 
