Radius [m]       Fe Area [frac]    Max Temp [k]    
1.6181946756e-05 1.0000000000e+00 1.4418258770e+03 
1.2849580954e-05 1.0000000000e+00 2.3191897050e+03 
2.2269799505e-05 1.0000000000e+00 1.8083889174e+03 
3.4780658956e-04 1.0000000000e+00 2.6545992672e+03 
8.0724438360e-05 1.0000000000e+00 2.5210890356e+03 
5.6152338804e-06 1.0000000000e+00 2.3375150100e+03 
4.0760948289e-05 1.0000000000e+00 2.1626057759e+03 
2.9858765214e-05 1.0000000000e+00 2.1144366931e+03 
1.3794876210e-05 1.0000000000e+00 2.2311973538e+03 
1.1873416709e-04 1.0000000000e+00 6.2411375742e+02 
4.9160855083e-06 1.0000000000e+00 2.3035983396e+03 
1.5772153996e-05 1.0000000000e+00 2.1415140509e+03 
1.3085530047e-05 1.0000000000e+00 2.3890537981e+03 
3.0974646376e-05 1.0000000000e+00 2.2349596570e+03 
2.3539673208e-05 1.0000000000e+00 1.8428448956e+03 
1.2392045489e-05 1.0000000000e+00 2.4226655647e+03 
3.4538508998e-05 1.0000000000e+00 2.3250598245e+03 
1.9458674548e-04 1.0000000000e+00 2.6131908131e+03 
6.4192027627e-05 1.0000000000e+00 2.2004437157e+03 
1.5055315369e-05 1.0000000000e+00 2.4044922127e+03 
2.2187235347e-04 1.0000000000e+00 2.5738444988e+03 
1.0481026773e-05 1.0000000000e+00 2.2772529683e+03 
1.3743977125e-05 1.0000000000e+00 2.8010426149e+03 
1.0982737034e-04 1.0000000000e+00 1.7920816009e+03 
6.1141731239e-05 1.0000000000e+00 2.5142606651e+03 
1.3801195832e-05 1.0000000000e+00 1.8916374333e+03 
2.1088295380e-05 1.0000000000e+00 2.3581918964e+03 
4.2297242140e-06 1.0000000000e+00 2.3292125669e+03 
4.9079966687e-06 1.0000000000e+00 2.4489855990e+03 
1.3353279377e-05 1.0000000000e+00 2.1476719965e+03 
1.3088805793e-04 1.0000000000e+00 2.7202420262e+03 
1.3869972293e-04 1.0000000000e+00 2.6789844788e+03 
3.5131762395e-05 1.0000000000e+00 2.1275704150e+03 
8.0280020982e-06 1.0000000000e+00 2.4136401164e+03 
1.5911261230e-05 1.0000000000e+00 1.9074364869e+03 
7.0244357660e-05 1.0000000000e+00 2.7099221319e+03 
7.6722527561e-06 1.0000000000e+00 2.3866503886e+03 
2.8839514166e-05 1.0000000000e+00 2.3942829918e+03 
8.6185272831e-06 1.0000000000e+00 2.4052317367e+03 
2.4673995446e-05 1.0000000000e+00 2.1894444353e+03 
2.1335798708e-05 1.0000000000e+00 1.6804899512e+03 
3.7604641588e-06 1.0000000000e+00 2.3321728051e+03 
9.5261069042e-05 1.0000000000e+00 2.6609878038e+03 
9.6167828103e-06 1.0000000000e+00 1.9640699061e+03 
1.8678956296e-05 1.0000000000e+00 2.0231431791e+03 
4.2060531946e-06 1.0000000000e+00 2.0950390248e+03 
1.5525486684e-05 1.0000000000e+00 2.3004909948e+03 
4.8116311287e-04 1.0000000000e+00 2.2592707450e+03 
4.0541729316e-05 1.0000000000e+00 1.8234927907e+03 
3.4130647741e-06 1.0000000000e+00 2.1117663353e+03 
9.3590825563e-05 1.0000000000e+00 2.1656104180e+03 
9.7812073702e-05 1.0000000000e+00 3.0000000000e+02 
1.0942676766e-05 1.0000000000e+00 1.9547912682e+03 
3.4751472200e-05 1.0000000000e+00 1.9544378454e+03 
2.6197302913e-05 1.0000000000e+00 2.1930791749e+03 
1.9562162409e-05 1.0000000000e+00 2.0114428986e+03 
1.3267870196e-05 1.0000000000e+00 2.2736695092e+03 
1.5633287845e-05 1.0000000000e+00 2.0886935459e+03 
5.9382332467e-06 1.0000000000e+00 2.2012995385e+03 
1.3558285175e-05 1.0000000000e+00 2.2857762980e+03 
4.9391897203e-05 1.0000000000e+00 2.0999768274e+03 
5.1405749179e-05 1.0000000000e+00 2.1443741230e+03 
2.4280158232e-05 1.0000000000e+00 1.9828141793e+03 
1.0916016618e-05 1.0000000000e+00 2.1757213109e+03 
3.5844622309e-05 1.0000000000e+00 2.2971362892e+03 
3.6421820981e-05 1.0000000000e+00 1.5175557256e+03 
1.9512880994e-04 1.0000000000e+00 2.6703786019e+03 
2.3906891540e-05 1.0000000000e+00 1.8772763606e+03 
3.0621799978e-05 1.0000000000e+00 1.9218030783e+03 
2.5116618082e-05 1.0000000000e+00 3.5399565540e+02 
4.1789039444e-05 1.0000000000e+00 2.2964952595e+03 
6.0017457608e-06 1.0000000000e+00 2.4998706536e+03 
1.5203326889e-05 1.0000000000e+00 1.9594799777e+03 
1.9207644799e-05 1.0000000000e+00 2.3300623695e+03 
4.0783809574e-05 1.0000000000e+00 2.1459760779e+03 
4.8950924409e-05 1.0000000000e+00 2.5957579329e+03 
9.2777120574e-06 1.0000000000e+00 2.5993396403e+03 
2.9425967112e-05 1.0000000000e+00 2.0773459358e+03 
3.9574538008e-06 1.0000000000e+00 2.2930522388e+03 
1.0507847557e-04 1.0000000000e+00 2.6470816721e+03 
1.1342537905e-05 1.0000000000e+00 2.2793362251e+03 
1.9360632507e-05 1.0000000000e+00 1.9129468461e+03 
9.7932603311e-06 1.0000000000e+00 2.0232389007e+03 
1.1896589672e-05 1.0000000000e+00 1.4283227429e+03 
1.1572270587e-05 1.0000000000e+00 1.6900907690e+03 
1.6875049369e-05 1.0000000000e+00 2.0409335938e+03 
6.3244869852e-06 1.0000000000e+00 2.4175582146e+03 
3.3940285375e-05 1.0000000000e+00 2.4365673014e+03 
2.4903487670e-05 1.0000000000e+00 1.9974630838e+03 
1.2617501984e-05 1.0000000000e+00 2.0414986735e+03 
2.5733901651e-05 1.0000000000e+00 2.1451532328e+03 
4.7679740045e-04 1.0000000000e+00 2.6127295914e+03 
2.1403447613e-04 1.0000000000e+00 2.4032898905e+03 
2.4291189412e-05 1.0000000000e+00 2.2382407272e+03 
2.5129330785e-05 1.0000000000e+00 2.2737465476e+03 
1.9819178307e-05 1.0000000000e+00 1.9599081346e+03 
1.7662481716e-05 1.0000000000e+00 1.9912760591e+03 
4.0919843763e-06 1.0000000000e+00 2.2890750265e+03 
1.0354798723e-05 1.0000000000e+00 2.1439931489e+03 
5.7893294611e-06 1.0000000000e+00 2.1990172629e+03 
2.7344808310e-05 1.0000000000e+00 2.8135475650e+03 
3.7221181253e-05 1.0000000000e+00 2.0605871424e+03 
6.1141119104e-06 1.0000000000e+00 2.4957396333e+03 
4.3444135063e-06 1.0000000000e+00 2.3671015270e+03 
4.3202971696e-05 1.0000000000e+00 2.2899170266e+03 
2.8095285955e-05 1.0000000000e+00 2.2727250151e+03 
7.9906462991e-06 1.0000000000e+00 2.3420452974e+03 
4.8153419562e-05 1.0000000000e+00 2.7503746524e+03 
9.0916904727e-06 1.0000000000e+00 2.2451726221e+03 
9.2410842373e-06 1.0000000000e+00 1.8325419014e+03 
7.3469530479e-06 1.0000000000e+00 2.0053481775e+03 
7.0413183758e-06 1.0000000000e+00 2.2477847584e+03 
3.5863866303e-04 1.0000000000e+00 2.6155259530e+03 
1.5960584927e-05 1.0000000000e+00 2.2370429616e+03 
3.4956404956e-05 1.0000000000e+00 2.2578713781e+03 
2.3031339992e-05 1.0000000000e+00 1.8788222410e+03 
4.0299666596e-06 1.0000000000e+00 2.2269169400e+03 
1.3021356504e-05 1.0000000000e+00 2.0690468050e+03 
2.2899009576e-04 1.0000000000e+00 2.4831737471e+03 
1.1949979415e-05 1.0000000000e+00 2.1624101526e+03 
6.8326485587e-06 1.0000000000e+00 2.3317249104e+03 
2.4863665418e-05 1.0000000000e+00 2.3473123195e+03 
1.7561723870e-05 1.0000000000e+00 1.7452008051e+03 
4.1145901171e-06 1.0000000000e+00 2.3230139264e+03 
5.0443706218e-06 1.0000000000e+00 2.1927120859e+03 
1.7144034879e-05 1.0000000000e+00 2.1216026856e+03 
2.0077858011e-05 1.0000000000e+00 2.4703932591e+03 
4.3358594562e-06 1.0000000000e+00 2.2915313938e+03 
1.4190239642e-05 1.0000000000e+00 1.9655446859e+03 
8.3646099498e-06 1.0000000000e+00 2.3889902962e+03 
4.8059955879e-05 1.0000000000e+00 2.2935119777e+03 
1.8567477902e-05 1.0000000000e+00 2.2273043143e+03 
2.3025141821e-05 1.0000000000e+00 2.2018298254e+03 
3.6388795945e-05 1.0000000000e+00 2.0844619980e+03 
1.1486639665e-05 1.0000000000e+00 2.2684568655e+03 
2.3032647402e-05 1.0000000000e+00 2.1776380298e+03 
5.4261102249e-05 1.0000000000e+00 2.0867686659e+03 
5.7409716838e-06 1.0000000000e+00 2.1233817644e+03 
3.6954979365e-05 1.0000000000e+00 2.1249811242e+03 
1.3269297243e-04 1.0000000000e+00 2.4184936630e+03 
1.4225909336e-05 1.0000000000e+00 2.5677909965e+03 
2.6374053435e-05 1.0000000000e+00 2.0597624022e+03 
3.1020406594e-04 1.0000000000e+00 2.5496425016e+03 
3.3664935286e-05 1.0000000000e+00 2.3542958352e+03 
1.1782779552e-05 1.0000000000e+00 2.2076095420e+03 
5.8543668612e-06 1.0000000000e+00 2.1025557389e+03 
5.1666540767e-06 1.0000000000e+00 2.1317118298e+03 
2.3740949267e-05 1.0000000000e+00 2.0985392178e+03 
4.1694160147e-05 1.0000000000e+00 2.2687121866e+03 
5.2758758869e-05 1.0000000000e+00 2.2776670533e+03 
9.8670702624e-06 1.0000000000e+00 1.6958158212e+03 
3.3158690128e-06 1.0000000000e+00 2.3097855369e+03 
3.4838568990e-05 1.0000000000e+00 2.1472461078e+03 
4.8054031790e-06 1.0000000000e+00 2.2954239188e+03 
5.9826151078e-06 1.0000000000e+00 2.3864061590e+03 
6.5901038098e-05 1.0000000000e+00 2.2653892747e+03 
5.0132802276e-05 1.0000000000e+00 2.2419258774e+03 
1.4619261268e-05 1.0000000000e+00 2.1037251986e+03 
2.2288938096e-05 1.0000000000e+00 2.2726158052e+03 
9.0952924305e-06 1.0000000000e+00 2.1613906759e+03 
2.2230024854e-04 1.0000000000e+00 2.5260621180e+03 
8.5211531557e-05 1.0000000000e+00 2.3060620847e+03 
2.7634322909e-05 1.0000000000e+00 2.1910691403e+03 
5.5682849656e-06 1.0000000000e+00 2.2697462670e+03 
3.4161240658e-05 1.0000000000e+00 2.2509878271e+03 
3.6996969853e-04 1.0000000000e+00 4.1487706375e+02 
1.9925083788e-05 1.0000000000e+00 2.1480531588e+03 
1.7799669301e-05 1.0000000000e+00 1.9376160875e+03 
1.3620282034e-05 1.0000000000e+00 5.6107107958e+02 
3.0657441501e-05 1.0000000000e+00 2.0808824917e+03 
3.1672856567e-05 1.0000000000e+00 2.2123903646e+03 
1.1031287003e-05 1.0000000000e+00 1.8251634633e+03 
3.7554477375e-05 1.0000000000e+00 1.9486081419e+03 
8.1708211938e-06 1.0000000000e+00 2.0557743291e+03 
2.2908287775e-05 1.0000000000e+00 2.3822342299e+03 
2.8273562342e-05 1.0000000000e+00 2.2928599496e+03 
2.5393309091e-05 1.0000000000e+00 2.0172002700e+03 
1.1346942997e-05 1.0000000000e+00 2.3294596864e+03 
1.3018465763e-05 1.0000000000e+00 2.2868414216e+03 
1.9113186638e-05 1.0000000000e+00 2.3791347818e+03 
8.1407686868e-05 1.0000000000e+00 2.6675741670e+03 
8.7612355947e-06 1.0000000000e+00 2.6104242325e+03 
1.7282196066e-05 1.0000000000e+00 1.8511570690e+03 
3.5429834722e-05 1.0000000000e+00 2.3935818342e+03 
2.2853993204e-05 1.0000000000e+00 2.0957722735e+03 
3.3916601723e-06 1.0000000000e+00 2.3340917493e+03 
1.5596496993e-04 1.0000000000e+00 2.2620603281e+03 
8.2027755237e-06 1.0000000000e+00 2.2755107838e+03 
5.8072704137e-06 1.0000000000e+00 2.2294815109e+03 
1.3953448814e-05 1.0000000000e+00 2.2964141058e+03 
3.4960660917e-05 1.0000000000e+00 2.5813777894e+03 
6.0273958799e-06 1.0000000000e+00 2.3213017853e+03 
3.2491419916e-05 1.0000000000e+00 2.2336888170e+03 
3.9246024230e-05 1.0000000000e+00 1.7018479349e+03 
1.1298548611e-05 1.0000000000e+00 1.3632480393e+03 
1.7148144617e-05 1.0000000000e+00 2.1236731918e+03 
2.3991651968e-05 1.0000000000e+00 2.8125431979e+03 
1.9948545505e-05 1.0000000000e+00 2.2844695307e+03 
2.5286177544e-05 1.0000000000e+00 2.1864801558e+03 
2.7772912569e-05 1.0000000000e+00 2.1097209172e+03 
9.2646425826e-06 1.0000000000e+00 2.3840762914e+03 
6.0487639583e-06 1.0000000000e+00 2.2923238236e+03 
8.9018135061e-06 1.0000000000e+00 2.2245896921e+03 
8.6237176180e-06 1.0000000000e+00 2.2200546101e+03 
1.9062985256e-05 1.0000000000e+00 2.1025039966e+03 
6.3051734413e-06 1.0000000000e+00 2.3325661297e+03 
1.6338281124e-05 1.0000000000e+00 2.1302395095e+03 
4.9251997615e-05 1.0000000000e+00 2.5273482134e+03 
9.4583359184e-06 1.0000000000e+00 2.0891782513e+03 
2.7349205219e-05 1.0000000000e+00 2.1023200354e+03 
3.9630481113e-05 1.0000000000e+00 2.1117478543e+03 
4.0641403062e-05 1.0000000000e+00 2.7287971313e+03 
1.9371829407e-05 1.0000000000e+00 2.3939051773e+03 
9.8098746987e-06 1.0000000000e+00 1.8038809509e+03 
1.1318778152e-05 1.0000000000e+00 2.3950727858e+03 
4.1681735594e-05 1.0000000000e+00 2.3271189774e+03 
1.3778515030e-05 1.0000000000e+00 2.1185187231e+03 
2.2045954338e-05 1.0000000000e+00 1.9115123314e+03 
1.2646003277e-05 1.0000000000e+00 2.2126551573e+03 
7.5133915955e-06 1.0000000000e+00 2.3105309424e+03 
6.4844184107e-05 1.0000000000e+00 1.8890807745e+03 
1.9458382775e-05 1.0000000000e+00 2.3993940361e+03 
1.0125049915e-05 1.0000000000e+00 1.8503064580e+03 
7.9928247843e-06 1.0000000000e+00 2.2740297707e+03 
2.2000781329e-05 1.0000000000e+00 1.7948553523e+03 
8.5716525261e-06 1.0000000000e+00 1.8685681498e+03 
2.6477773578e-05 1.0000000000e+00 2.0833938491e+03 
8.1366608559e-05 1.0000000000e+00 2.1176616995e+03 
4.6777356699e-04 1.0000000000e+00 2.5636322871e+03 
1.9086399625e-05 1.0000000000e+00 2.3658487805e+03 
1.4588864188e-05 1.0000000000e+00 2.0122513534e+03 
3.6166839375e-05 1.0000000000e+00 2.3873941929e+03 
3.4234144894e-05 1.0000000000e+00 2.0301572740e+03 
1.9923202865e-05 1.0000000000e+00 1.8848561685e+03 
6.2071587253e-06 1.0000000000e+00 2.3741257032e+03 
3.0326782988e-06 1.0000000000e+00 2.2455139796e+03 
3.4275459409e-04 1.0000000000e+00 2.6097946946e+03 
4.2825104376e-05 1.0000000000e+00 2.1578556394e+03 
6.0443660464e-06 1.0000000000e+00 2.2226502612e+03 
2.6649695389e-05 1.0000000000e+00 2.3227718429e+03 
2.4055111642e-05 1.0000000000e+00 2.3521093466e+03 
1.2340455669e-05 1.0000000000e+00 2.0225100453e+03 
1.0239953814e-05 1.0000000000e+00 2.2738078606e+03 
3.3715506138e-05 1.0000000000e+00 4.4567779133e+02 
2.0156875626e-05 1.0000000000e+00 1.9292208728e+03 
4.6056692572e-06 1.0000000000e+00 2.0757396112e+03 
1.5948809490e-05 1.0000000000e+00 2.1489869963e+03 
3.6552756405e-05 1.0000000000e+00 2.2771087047e+03 
2.1140283216e-04 1.0000000000e+00 2.4223512502e+03 
1.7715179872e-05 1.0000000000e+00 1.8167267217e+03 
1.8643728291e-05 1.0000000000e+00 2.4477431449e+03 
8.3095953904e-05 1.0000000000e+00 2.7487244155e+03 
3.1807162256e-05 1.0000000000e+00 2.7360404783e+03 
1.4348554212e-05 1.0000000000e+00 1.7858241682e+03 
1.7991308511e-05 1.0000000000e+00 2.1658952142e+03 
4.1907693774e-05 1.0000000000e+00 1.8980347400e+03 
2.1469746028e-05 1.0000000000e+00 2.1567221865e+03 
1.5657027601e-05 1.0000000000e+00 2.2466925009e+03 
1.0376256124e-05 1.0000000000e+00 2.1098743060e+03 
5.1472618418e-06 1.0000000000e+00 2.1776451705e+03 
3.9798878867e-05 1.0000000000e+00 2.0370295403e+03 
5.9778726691e-05 1.0000000000e+00 2.5596220992e+03 
1.5257273183e-05 1.0000000000e+00 2.3853106309e+03 
2.6217491570e-05 1.0000000000e+00 2.2496144534e+03 
2.9883590791e-05 1.0000000000e+00 2.0078917533e+03 
9.9482077442e-06 1.0000000000e+00 2.1754844876e+03 
1.0308550434e-05 1.0000000000e+00 2.2866605255e+03 
1.5472053981e-05 1.0000000000e+00 2.2941831599e+03 
2.1727980502e-05 1.0000000000e+00 2.5646847344e+03 
8.1348339289e-06 1.0000000000e+00 2.0389596691e+03 
1.2159661215e-05 1.0000000000e+00 1.8467262098e+03 
5.5211967205e-06 1.0000000000e+00 2.1647061663e+03 
6.8424861693e-06 1.0000000000e+00 2.3279302513e+03 
2.1110752817e-05 1.0000000000e+00 1.6399240365e+03 
4.8922133290e-05 1.0000000000e+00 2.0720770947e+03 
3.0409903167e-05 1.0000000000e+00 1.9614004231e+03 
2.7233532985e-05 1.0000000000e+00 1.7516321686e+03 
1.0489864306e-05 1.0000000000e+00 2.1901025246e+03 
1.0631267923e-05 1.0000000000e+00 2.4004829285e+03 
7.7562506953e-06 1.0000000000e+00 2.2052188855e+03 
1.0133760057e-04 1.0000000000e+00 2.4766386075e+03 
1.2744457401e-05 1.0000000000e+00 2.3809965359e+03 
1.4916384809e-05 1.0000000000e+00 2.5299934582e+03 
3.9751075991e-06 1.0000000000e+00 2.2673817931e+03 
2.1605526379e-05 1.0000000000e+00 2.1934894102e+03 
7.5591203871e-06 1.0000000000e+00 2.2491075184e+03 
1.3852090723e-05 1.0000000000e+00 2.2608742777e+03 
1.7051075602e-05 1.0000000000e+00 1.9526986668e+03 
1.2121891569e-05 1.0000000000e+00 2.0184367450e+03 
8.9676392986e-05 1.0000000000e+00 1.8846709821e+03 
9.7447807733e-06 1.0000000000e+00 2.1476369378e+03 
1.2932314433e-05 1.0000000000e+00 1.6735792818e+03 
1.0343211575e-05 1.0000000000e+00 2.3056859241e+03 
2.7724183028e-05 1.0000000000e+00 2.2129135465e+03 
7.4826714691e-06 1.0000000000e+00 2.3035244156e+03 
4.6008987787e-06 1.0000000000e+00 2.2089651793e+03 
4.3000811893e-06 1.0000000000e+00 2.2191613521e+03 
9.7389170850e-06 1.0000000000e+00 2.2823673521e+03 
9.8549917222e-06 1.0000000000e+00 2.2563420772e+03 
1.6898391912e-05 1.0000000000e+00 2.1783202062e+03 
1.8390951767e-05 1.0000000000e+00 2.3134512498e+03 
4.1012464677e-06 1.0000000000e+00 2.3358459057e+03 
1.1288369857e-05 1.0000000000e+00 2.0125479507e+03 
7.5362346057e-06 1.0000000000e+00 2.3410877894e+03 
3.8134158914e-06 1.0000000000e+00 2.2385490898e+03 
1.3086475409e-05 1.0000000000e+00 2.0603266924e+03 
8.4143504282e-06 1.0000000000e+00 2.2596384291e+03 
2.1241581738e-05 1.0000000000e+00 2.0791994333e+03 
2.9144249911e-06 1.0000000000e+00 2.3516022370e+03 
3.2975413278e-05 1.0000000000e+00 2.1109108184e+03 
1.3604282354e-05 1.0000000000e+00 1.8678680001e+03 
4.7575898220e-06 1.0000000000e+00 2.4362528455e+03 
1.7368889398e-05 1.0000000000e+00 2.2689374339e+03 
7.4028734760e-05 1.0000000000e+00 2.4652837737e+03 
1.4749476771e-05 1.0000000000e+00 1.5574840789e+03 
1.2338062929e-05 1.0000000000e+00 2.2786603786e+03 
1.5512096532e-05 1.0000000000e+00 2.0130962803e+03 
2.9197807561e-05 1.0000000000e+00 2.0657490679e+03 
1.0073297717e-05 1.0000000000e+00 2.3263392074e+03 
3.4503413620e-06 1.0000000000e+00 2.3892920231e+03 
2.5951034713e-05 1.0000000000e+00 2.8068104948e+03 
4.3783193371e-05 1.0000000000e+00 2.2706671776e+03 
1.1605609754e-05 1.0000000000e+00 2.2242794654e+03 
1.3215344259e-05 1.0000000000e+00 2.6321707433e+03 
4.4142908231e-05 1.0000000000e+00 2.2760387047e+03 
2.8795159725e-05 1.0000000000e+00 2.4049364357e+03 
4.4237800280e-05 1.0000000000e+00 2.2286914506e+03 
2.7264358573e-05 1.0000000000e+00 2.0855914284e+03 
5.1133341760e-06 1.0000000000e+00 2.4046178871e+03 
4.8052866799e-05 1.0000000000e+00 2.2541460178e+03 
5.7573107228e-05 1.0000000000e+00 2.2215167051e+03 
1.8336767063e-05 1.0000000000e+00 2.2805893158e+03 
5.7264589429e-05 1.0000000000e+00 2.0893867496e+03 
1.3195907697e-05 1.0000000000e+00 1.7667336068e+03 
3.1446178615e-05 1.0000000000e+00 2.1880677081e+03 
1.3013917498e-04 1.0000000000e+00 2.7103981107e+03 
1.6386684220e-05 1.0000000000e+00 2.3174431622e+03 
6.8800202860e-06 1.0000000000e+00 2.2574207746e+03 
1.0509610771e-04 1.0000000000e+00 2.3119614086e+03 
5.2957748605e-05 1.0000000000e+00 2.1936778970e+03 
6.2653809247e-06 1.0000000000e+00 2.2457649311e+03 
1.0452114265e-05 1.0000000000e+00 2.2367223619e+03 
1.5640070111e-05 1.0000000000e+00 1.7365311201e+03 
6.7842723835e-04 1.0000000000e+00 3.0000000000e+02 
2.8371527351e-06 1.0000000000e+00 2.2556795221e+03 
6.2662667975e-05 1.0000000000e+00 2.1703491635e+03 
1.8159257478e-05 1.0000000000e+00 2.0732276871e+03 
3.5437833898e-05 1.0000000000e+00 2.1025895137e+03 
3.9609487583e-05 1.0000000000e+00 2.2995706441e+03 
1.8174449088e-05 1.0000000000e+00 1.8535652062e+03 
1.9050572969e-05 1.0000000000e+00 2.1110414887e+03 
1.1250090607e-05 1.0000000000e+00 2.2543603977e+03 
1.3143179836e-05 1.0000000000e+00 2.0764551900e+03 
3.5668985159e-05 1.0000000000e+00 2.2828428489e+03 
9.4616862243e-06 1.0000000000e+00 2.3323704009e+03 
1.8412177146e-05 1.0000000000e+00 1.5050469090e+03 
3.1445490275e-04 1.0000000000e+00 3.2799799718e+02 
2.1956731017e-05 1.0000000000e+00 1.6586025642e+03 
1.9613988975e-05 1.0000000000e+00 2.0324792111e+03 
2.6538478137e-05 1.0000000000e+00 2.2056525969e+03 
4.4495866977e-06 1.0000000000e+00 2.4182967816e+03 
1.8500930525e-05 1.0000000000e+00 2.2048775496e+03 
9.8361703875e-06 1.0000000000e+00 1.8477902472e+03 
1.0020901276e-05 1.0000000000e+00 2.0884457806e+03 
3.1518050176e-05 1.0000000000e+00 2.3098003610e+03 
1.9777627474e-03 1.0000000000e+00 6.3605335025e+02 
4.3793310864e-06 1.0000000000e+00 2.2379607552e+03 
1.0552974492e-05 1.0000000000e+00 2.1811985744e+03 
1.2674099070e-05 1.0000000000e+00 1.6281998632e+03 
7.5402796893e-06 1.0000000000e+00 2.2756369696e+03 
3.4983541544e-06 1.0000000000e+00 2.3352871278e+03 
1.0788615822e-05 1.0000000000e+00 2.2302870377e+03 
2.3457354348e-05 1.0000000000e+00 2.2146957547e+03 
4.1309833975e-05 1.0000000000e+00 4.0022608449e+02 
5.5882200762e-06 1.0000000000e+00 2.1803275627e+03 
1.2109820000e-05 1.0000000000e+00 2.0331341845e+03 
3.1541558448e-05 1.0000000000e+00 2.4237943954e+03 
4.0277864430e-05 1.0000000000e+00 2.0816490792e+03 
1.8794893758e-05 1.0000000000e+00 2.2472165654e+03 
3.6048599720e-06 1.0000000000e+00 2.3991767234e+03 
4.2639192991e-05 1.0000000000e+00 2.2937290839e+03 
2.8108302521e-05 1.0000000000e+00 2.3471296409e+03 
1.0059334694e-05 1.0000000000e+00 1.9433267492e+03 
3.1632653387e-05 1.0000000000e+00 2.2814534188e+03 
4.4936447021e-06 1.0000000000e+00 2.0917728317e+03 
6.2410966878e-05 1.0000000000e+00 2.2619230318e+03 
1.4572622309e-05 1.0000000000e+00 1.5272766241e+03 
3.6364470213e-04 1.0000000000e+00 2.4222418192e+03 
1.2029210749e-05 1.0000000000e+00 1.1750956176e+03 
3.7798699271e-05 1.0000000000e+00 1.8371735663e+03 
5.5906553408e-05 1.0000000000e+00 2.4087432484e+03 
1.1208565681e-05 1.0000000000e+00 2.2203732143e+03 
1.8030348508e-05 1.0000000000e+00 2.6150581991e+03 
1.6736696898e-05 1.0000000000e+00 1.9269041005e+03 
1.8662191358e-05 1.0000000000e+00 2.1536386579e+03 
5.1695912224e-05 1.0000000000e+00 2.7432151931e+03 
3.2688098258e-05 1.0000000000e+00 2.1183314184e+03 
6.2550118816e-06 1.0000000000e+00 2.4357400701e+03 
5.7725442156e-05 1.0000000000e+00 1.7692766525e+03 
1.8456384425e-05 1.0000000000e+00 2.2886574410e+03 
6.8642077350e-06 1.0000000000e+00 2.3227490323e+03 
1.3705832810e-05 1.0000000000e+00 2.2649629381e+03 
1.1269812150e-05 1.0000000000e+00 2.1561133916e+03 
3.7209166964e-04 1.0000000000e+00 2.5929694351e+03 
1.3244205141e-05 1.0000000000e+00 2.3023474919e+03 
4.3068679157e-06 1.0000000000e+00 2.3868825936e+03 
1.6613336068e-05 1.0000000000e+00 2.5192311484e+03 
3.2434633514e-04 1.0000000000e+00 2.6068166661e+03 
2.1933285049e-05 1.0000000000e+00 2.2559126786e+03 
2.1543971814e-03 1.0000000000e+00 3.0006399289e+02 
1.1539408555e-04 1.0000000000e+00 2.6326676310e+03 
8.4747731190e-06 1.0000000000e+00 2.1402795995e+03 
1.2686540749e-05 1.0000000000e+00 2.1556948837e+03 
7.5728021818e-06 1.0000000000e+00 2.0648717157e+03 
2.3819851481e-05 1.0000000000e+00 2.0236918143e+03 
5.5006906208e-05 1.0000000000e+00 2.1801522967e+03 
3.7210705867e-05 1.0000000000e+00 2.0985787542e+03 
7.3447716208e-06 1.0000000000e+00 2.3669285057e+03 
4.8830132574e-05 1.0000000000e+00 1.8211119524e+03 
9.4487735076e-06 1.0000000000e+00 2.2297889932e+03 
2.0507214887e-05 1.0000000000e+00 2.3143367464e+03 
6.2905409662e-06 1.0000000000e+00 2.2165461618e+03 
5.8181684923e-05 1.0000000000e+00 2.1422283825e+03 
2.6059790872e-05 1.0000000000e+00 2.0473174423e+03 
1.6606924652e-04 1.0000000000e+00 2.6551349173e+03 
4.1267782057e-06 1.0000000000e+00 2.0969563037e+03 
2.1543971814e-03 1.0000000000e+00 4.2283910083e+02 
1.8644206685e-05 1.0000000000e+00 2.0062307995e+03 
1.1713825219e-04 1.0000000000e+00 2.4817452403e+03 
5.9934023375e-05 1.0000000000e+00 2.2613520255e+03 
4.9474542990e-06 1.0000000000e+00 2.5412554403e+03 
4.0645929318e-05 1.0000000000e+00 2.1553681283e+03 
1.8321704881e-05 1.0000000000e+00 2.1715242247e+03 
4.8372201711e-06 1.0000000000e+00 2.4072163392e+03 
1.1733605700e-05 1.0000000000e+00 1.7730816168e+03 
9.3395900048e-06 1.0000000000e+00 2.1359819455e+03 
8.5921988014e-06 1.0000000000e+00 2.4442020627e+03 
9.4772684200e-06 1.0000000000e+00 2.1323642327e+03 
7.1123879940e-06 1.0000000000e+00 2.1238223639e+03 
6.3635694418e-06 1.0000000000e+00 2.1940542860e+03 
6.0272835888e-06 1.0000000000e+00 2.2176403840e+03 
1.8473381463e-05 1.0000000000e+00 2.2953732179e+03 
7.8087796607e-06 1.0000000000e+00 2.2396867791e+03 
4.9100402740e-06 1.0000000000e+00 2.3529843867e+03 
6.5292318072e-05 1.0000000000e+00 2.3246600672e+03 
3.2127437805e-05 1.0000000000e+00 5.9482838353e+02 
2.3011748252e-04 1.0000000000e+00 2.6929957058e+03 
5.6796812052e-05 1.0000000000e+00 2.6212973713e+03 
2.8994982950e-05 1.0000000000e+00 2.4019402657e+03 
7.5152988442e-06 1.0000000000e+00 2.2038500564e+03 
4.3871217738e-06 1.0000000000e+00 2.3945411759e+03 
5.7333469206e-05 1.0000000000e+00 2.4110110579e+03 
5.5101430894e-06 1.0000000000e+00 2.5756212774e+03 
2.7257918950e-05 1.0000000000e+00 2.3069107985e+03 
9.2833016706e-05 1.0000000000e+00 2.3632340146e+03 
5.0928204058e-05 1.0000000000e+00 2.0465226192e+03 
4.0986446084e-05 1.0000000000e+00 1.5045553610e+03 
5.1335090191e-05 1.0000000000e+00 2.7763478597e+03 
1.8537252825e-05 1.0000000000e+00 2.2180771924e+03 
1.9182835179e-05 1.0000000000e+00 2.3507644102e+03 
2.6991787170e-05 1.0000000000e+00 2.2341112727e+03 
1.4362411688e-05 1.0000000000e+00 2.2057568156e+03 
2.6183569980e-05 1.0000000000e+00 2.1828275363e+03 
3.0529359483e-05 1.0000000000e+00 2.1541954465e+03 
6.8538078500e-06 1.0000000000e+00 2.5927566842e+03 
1.7270044450e-05 1.0000000000e+00 2.3911583428e+03 
6.8622392293e-05 1.0000000000e+00 2.0373375308e+03 
1.5089063161e-05 1.0000000000e+00 2.4086163832e+03 
1.3984437465e-05 1.0000000000e+00 2.2913657756e+03 
6.0935503378e-06 1.0000000000e+00 2.5217232377e+03 
8.3802579371e-05 1.0000000000e+00 2.6423535490e+03 
9.5227850915e-06 1.0000000000e+00 1.4249496920e+03 
1.1902350552e-05 1.0000000000e+00 1.9669661656e+03 
5.5412771951e-06 1.0000000000e+00 2.2374541901e+03 
9.0177600648e-05 1.0000000000e+00 2.0702673672e+03 
1.8372498424e-05 1.0000000000e+00 2.2803030439e+03 
3.3126206786e-05 1.0000000000e+00 2.2681790552e+03 
1.0700606456e-05 1.0000000000e+00 2.0551047453e+03 
9.2761486706e-06 1.0000000000e+00 2.3494339878e+03 
1.1686940895e-04 1.0000000000e+00 2.4056785607e+03 
5.0473804134e-05 1.0000000000e+00 2.0982908650e+03 
1.9373294459e-05 1.0000000000e+00 2.3685161897e+03 
9.4876565829e-06 1.0000000000e+00 2.2599143599e+03 
8.6923372173e-06 1.0000000000e+00 2.2414526273e+03 
1.1227177788e-04 1.0000000000e+00 3.5876913476e+02 
3.0334279569e-05 1.0000000000e+00 1.4774694307e+03 
6.5454658696e-05 1.0000000000e+00 2.5531363184e+03 
2.9632012295e-05 1.0000000000e+00 2.0729794755e+03 
2.6838232977e-05 1.0000000000e+00 1.1383825968e+03 
1.5468943503e-05 1.0000000000e+00 1.9173051532e+03 
6.8445090883e-05 1.0000000000e+00 2.3103241642e+03 
5.9224722415e-06 1.0000000000e+00 2.1506686148e+03 
8.9263656516e-06 1.0000000000e+00 2.1573860975e+03 
9.3669785707e-06 1.0000000000e+00 2.2141156127e+03 
1.1304897601e-05 1.0000000000e+00 2.2734848311e+03 
4.3906114199e-06 1.0000000000e+00 2.2810086802e+03 
9.6979232025e-05 1.0000000000e+00 1.9116574021e+03 
1.1314021858e-05 1.0000000000e+00 2.1959051471e+03 
7.0243548728e-05 1.0000000000e+00 2.4253659855e+03 
1.3627649861e-05 1.0000000000e+00 2.2051102679e+03 
7.8338361734e-06 1.0000000000e+00 2.2567042329e+03 
6.1997241083e-06 1.0000000000e+00 2.3778327419e+03 
4.9968555258e-06 1.0000000000e+00 2.2198225553e+03 
1.3601626721e-05 1.0000000000e+00 1.8371233686e+03 
1.7812739243e-05 1.0000000000e+00 2.1058275431e+03 
1.1828521289e-05 1.0000000000e+00 2.3250810359e+03 
7.8697936636e-06 1.0000000000e+00 2.0463878187e+03 
3.5706375871e-05 1.0000000000e+00 2.0511672310e+03 
1.0117646038e-05 1.0000000000e+00 1.2127922692e+03 
1.0098379531e-05 1.0000000000e+00 1.9137174891e+03 
2.8809000316e-05 1.0000000000e+00 2.1049990718e+03 
7.7757492534e-06 1.0000000000e+00 2.5550690813e+03 
1.5451627192e-05 1.0000000000e+00 1.8706177367e+03 
1.6114143145e-05 1.0000000000e+00 2.8306183705e+03 
4.4741981366e-06 1.0000000000e+00 2.2466812892e+03 
3.5004443493e-06 1.0000000000e+00 2.3958363460e+03 
4.8522394060e-05 1.0000000000e+00 2.7358940546e+03 
7.2659254643e-06 1.0000000000e+00 2.3751552654e+03 
1.0253970708e-05 1.0000000000e+00 2.4595423827e+03 
2.0284091017e-05 1.0000000000e+00 2.1203760134e+03 
1.4256554714e-04 1.0000000000e+00 2.2128422729e+03 
1.0835040211e-05 1.0000000000e+00 1.7123826372e+03 
2.9898026976e-06 1.0000000000e+00 2.2019594396e+03 
1.5807709568e-05 1.0000000000e+00 2.3869721836e+03 
1.0407525688e-05 1.0000000000e+00 2.2181276793e+03 
1.7914545751e-04 1.0000000000e+00 2.6798235837e+03 
5.8225062125e-06 1.0000000000e+00 2.3038315476e+03 
3.5448905074e-06 1.0000000000e+00 2.2486022716e+03 
1.6418962876e-05 1.0000000000e+00 1.4168181834e+03 
7.4343995530e-06 1.0000000000e+00 2.1473012426e+03 
4.8097882302e-05 1.0000000000e+00 2.5517260751e+03 
1.2733058518e-05 1.0000000000e+00 2.0886435781e+03 
6.9406304529e-05 1.0000000000e+00 2.1811972714e+03 
3.7451307959e-06 1.0000000000e+00 2.2798623568e+03 
2.3190983788e-05 1.0000000000e+00 2.0106187434e+03 
1.5151705787e-05 1.0000000000e+00 2.1377076912e+03 
1.7358236813e-05 1.0000000000e+00 2.2650015386e+03 
1.3560273959e-05 1.0000000000e+00 2.2139046439e+03 
6.6731110655e-05 1.0000000000e+00 2.2561664353e+03 
4.1620403747e-04 1.0000000000e+00 2.6351574314e+03 
5.8904164244e-06 1.0000000000e+00 2.4925688726e+03 
6.2144669758e-06 1.0000000000e+00 2.1858975880e+03 
3.2812290045e-06 1.0000000000e+00 2.2614591860e+03 
1.2075801269e-04 1.0000000000e+00 2.3240392623e+03 
1.2168148031e-05 1.0000000000e+00 2.1783733174e+03 
1.3919289421e-05 1.0000000000e+00 2.0382749861e+03 
4.1099073759e-05 1.0000000000e+00 2.5613029540e+03 
1.3089622696e-05 1.0000000000e+00 2.7054477775e+03 
1.9848583321e-05 1.0000000000e+00 2.7182080214e+03 
4.2342492602e-05 1.0000000000e+00 2.2982225701e+03 
7.8607243565e-06 1.0000000000e+00 1.9432347460e+03 
2.1717441168e-05 1.0000000000e+00 1.9386243606e+03 
8.6699777680e-06 1.0000000000e+00 2.4132126305e+03 
1.0191664852e-05 1.0000000000e+00 2.2840823835e+03 
4.8464110313e-05 1.0000000000e+00 2.0838406156e+03 
1.8497413254e-05 1.0000000000e+00 2.0913540584e+03 
1.2460927895e-05 1.0000000000e+00 2.3774906355e+03 
1.5385856964e-05 1.0000000000e+00 2.1800506312e+03 
9.9374567804e-06 1.0000000000e+00 2.2246150428e+03 
1.1913623309e-05 1.0000000000e+00 2.3242702221e+03 
2.0745653748e-05 1.0000000000e+00 2.1714331745e+03 
1.4844383362e-05 1.0000000000e+00 3.7013429525e+02 
3.3825891621e-05 1.0000000000e+00 2.7206168282e+03 
3.0164948131e-04 1.0000000000e+00 2.6651243964e+03 
8.1148783649e-06 1.0000000000e+00 2.1778463280e+03 
2.0545228789e-05 1.0000000000e+00 1.7596701691e+03 
8.1300222509e-06 1.0000000000e+00 2.3910247115e+03 
7.2196269702e-06 1.0000000000e+00 2.1465711633e+03 
4.9838013910e-05 1.0000000000e+00 2.1951176700e+03 
3.4271518667e-05 1.0000000000e+00 1.9938183189e+03 
5.7833363164e-05 1.0000000000e+00 2.2276097804e+03 
1.5809770917e-05 1.0000000000e+00 2.1228817630e+03 
6.2656798401e-05 1.0000000000e+00 2.3265315182e+03 
3.1225365015e-05 1.0000000000e+00 2.2084806407e+03 
8.0635994034e-06 1.0000000000e+00 2.0052719436e+03 
4.9176423781e-05 1.0000000000e+00 2.5164174213e+03 
1.4326608682e-05 1.0000000000e+00 2.3508957058e+03 
8.7748796838e-06 1.0000000000e+00 2.3463896530e+03 
4.3130535763e-06 1.0000000000e+00 2.2806619344e+03 
8.4662252128e-06 1.0000000000e+00 2.6120296390e+03 
1.2688244123e-05 1.0000000000e+00 2.3610762924e+03 
9.2494092810e-06 1.0000000000e+00 2.2538159442e+03 
1.7080556920e-05 1.0000000000e+00 2.2616663834e+03 
1.6984700354e-05 1.0000000000e+00 2.1024447542e+03 
5.5365850408e-05 1.0000000000e+00 2.3987815819e+03 
1.2475995164e-05 1.0000000000e+00 2.1675676158e+03 
2.3526953903e-05 1.0000000000e+00 2.2394073657e+03 
9.1790448857e-05 1.0000000000e+00 2.2733001605e+03 
5.7811704339e-05 1.0000000000e+00 2.2933274276e+03 
1.6855361567e-05 1.0000000000e+00 2.0648044221e+03 
2.3779010008e-05 1.0000000000e+00 3.8966820062e+02 
3.5493205734e-05 1.0000000000e+00 2.2578259475e+03 
4.0442630687e-05 1.0000000000e+00 2.7768728277e+03 
8.7713727746e-05 1.0000000000e+00 2.2917791415e+03 
3.5874340726e-06 1.0000000000e+00 2.3450640295e+03 
4.8687400725e-04 1.0000000000e+00 2.5621777296e+03 
4.0140370195e-05 1.0000000000e+00 1.8599602774e+03 
1.3170333613e-05 1.0000000000e+00 2.4516516865e+03 
1.6326566288e-05 1.0000000000e+00 1.8966170000e+03 
2.6043355116e-05 1.0000000000e+00 2.0237147275e+03 
2.5765603325e-05 1.0000000000e+00 2.1543218442e+03 
8.3368409774e-05 1.0000000000e+00 2.2689772909e+03 
1.9695807011e-05 1.0000000000e+00 2.2309378318e+03 
1.7784166749e-05 1.0000000000e+00 2.2309286140e+03 
1.3211136018e-05 1.0000000000e+00 2.2054144929e+03 
1.6021732631e-04 1.0000000000e+00 2.6838312360e+03 
1.7485594758e-05 1.0000000000e+00 2.2794649145e+03 
3.9339617070e-05 1.0000000000e+00 2.2993389501e+03 
7.4404758242e-06 1.0000000000e+00 2.2465366584e+03 
1.9901981062e-05 1.0000000000e+00 2.3523640284e+03 
1.5350214533e-05 1.0000000000e+00 2.2478300551e+03 
1.1016778411e-04 1.0000000000e+00 2.4367193548e+03 
7.4208932366e-06 1.0000000000e+00 2.1487681109e+03 
3.3782967989e-05 1.0000000000e+00 2.1934901450e+03 
6.2000219454e-06 1.0000000000e+00 2.3758368805e+03 
1.7516323815e-05 1.0000000000e+00 1.9940745472e+03 
1.6333149040e-05 1.0000000000e+00 1.7924347592e+03 
7.7224393343e-06 1.0000000000e+00 2.2748061116e+03 
9.1058035706e-06 1.0000000000e+00 2.5991193417e+03 
4.8593371676e-05 1.0000000000e+00 2.5625342076e+03 
6.0379926667e-06 1.0000000000e+00 2.3428204290e+03 
1.2164725057e-04 1.0000000000e+00 2.6404277792e+03 
3.6135267841e-06 1.0000000000e+00 2.4416496263e+03 
1.2589807633e-04 1.0000000000e+00 2.7142224791e+03 
9.2499536065e-06 1.0000000000e+00 1.8926252380e+03 
1.9944517830e-04 1.0000000000e+00 2.6647725468e+03 
4.5900316924e-06 1.0000000000e+00 2.3196475763e+03 
1.6684461889e-04 1.0000000000e+00 2.3817976007e+03 
1.6239555834e-05 1.0000000000e+00 2.0851455479e+03 
3.1451335241e-05 1.0000000000e+00 2.1894559930e+03 
4.9416058982e-06 1.0000000000e+00 2.3550774165e+03 
1.4960201228e-05 1.0000000000e+00 2.1068403094e+03 
1.3203102363e-05 1.0000000000e+00 2.0054133435e+03 
3.5078409002e-05 1.0000000000e+00 2.0797848051e+03 
1.1796539740e-05 1.0000000000e+00 2.0728414773e+03 
2.4256923783e-05 1.0000000000e+00 2.0179186214e+03 
5.1816458670e-06 1.0000000000e+00 2.3644510290e+03 
3.4774364682e-05 1.0000000000e+00 2.1194806888e+03 
1.9801888650e-05 1.0000000000e+00 1.8166117831e+03 
1.5987829512e-05 1.0000000000e+00 2.0687165994e+03 
2.0979609825e-05 1.0000000000e+00 5.8470852223e+02 
4.1321533716e-05 1.0000000000e+00 2.0322166548e+03 
1.1475055996e-05 1.0000000000e+00 2.0482074986e+03 
1.0015244303e-05 1.0000000000e+00 2.2238009715e+03 
4.2455606567e-05 1.0000000000e+00 1.9653666168e+03 
1.2171779386e-04 1.0000000000e+00 3.0629999471e+02 
2.7915478108e-05 1.0000000000e+00 2.2814695328e+03 
4.7594485097e-05 1.0000000000e+00 2.2434213057e+03 
2.9713957568e-04 1.0000000000e+00 2.5315362072e+03 
1.5807794192e-05 1.0000000000e+00 2.5655351890e+03 
1.0519665868e-04 1.0000000000e+00 3.0000000000e+02 
1.2310802782e-05 1.0000000000e+00 2.2831205593e+03 
3.5828352000e-05 1.0000000000e+00 1.9407294474e+03 
6.6671239014e-06 1.0000000000e+00 2.2326886815e+03 
5.3082987632e-06 1.0000000000e+00 2.3465053985e+03 
1.1104860376e-05 1.0000000000e+00 2.2002662928e+03 
1.3410412114e-05 1.0000000000e+00 1.9576192872e+03 
6.4236973392e-05 1.0000000000e+00 2.5634519213e+03 
3.8373740475e-05 1.0000000000e+00 2.2588877994e+03 
8.1685745949e-06 1.0000000000e+00 2.0464305484e+03 
9.5899211303e-05 1.0000000000e+00 1.5693131098e+03 
3.7976840867e-06 1.0000000000e+00 2.3295425936e+03 
1.8317909697e-05 1.0000000000e+00 2.0652143471e+03 
3.2299214281e-05 1.0000000000e+00 2.1289908622e+03 
5.3528339127e-04 1.0000000000e+00 2.4259144572e+03 
3.5430271403e-05 1.0000000000e+00 1.9002224612e+03 
2.1751241413e-05 1.0000000000e+00 2.4603674347e+03 
1.0193601791e-05 1.0000000000e+00 1.8981494705e+03 
7.4508449809e-06 1.0000000000e+00 2.1089160443e+03 
3.3422691048e-05 1.0000000000e+00 2.0586742493e+03 
9.9966929674e-06 1.0000000000e+00 2.4588147884e+03 
1.5459953362e-05 1.0000000000e+00 2.2146857558e+03 
1.9948166343e-05 1.0000000000e+00 1.5272958438e+03 
5.8433804686e-06 1.0000000000e+00 2.2402496213e+03 
9.1566940185e-06 1.0000000000e+00 2.4437406442e+03 
1.8384937798e-05 1.0000000000e+00 2.3826853917e+03 
2.3709768607e-05 1.0000000000e+00 2.1109509215e+03 
1.0176461906e-05 1.0000000000e+00 2.2938031430e+03 
1.9550455036e-05 1.0000000000e+00 1.7239649860e+03 
6.0151209996e-05 1.0000000000e+00 1.7259801620e+03 
6.2356394466e-06 1.0000000000e+00 2.3340250971e+03 
7.9606482919e-06 1.0000000000e+00 1.9990533877e+03 
1.0886669201e-05 1.0000000000e+00 2.0710873236e+03 
6.3389619886e-06 1.0000000000e+00 2.1129382106e+03 
4.8471016757e-05 1.0000000000e+00 2.3663352086e+03 
5.3534131577e-06 1.0000000000e+00 2.1212576337e+03 
2.9525226237e-05 1.0000000000e+00 2.0492354947e+03 
4.8060509314e-05 1.0000000000e+00 2.2948297343e+03 
1.9587512662e-05 1.0000000000e+00 2.1320222294e+03 
3.9607107076e-05 1.0000000000e+00 2.0403188356e+03 
1.0181614136e-05 1.0000000000e+00 2.5844000513e+03 
2.9486752799e-06 1.0000000000e+00 2.1824893639e+03 
1.0947433255e-04 1.0000000000e+00 2.4670101135e+03 
4.8890097751e-06 1.0000000000e+00 2.1050827369e+03 
3.4006422890e-05 1.0000000000e+00 2.2822141918e+03 
4.5557567730e-06 1.0000000000e+00 2.5289546581e+03 
2.6367199790e-05 1.0000000000e+00 2.0978706982e+03 
1.4071742333e-05 1.0000000000e+00 2.1046843841e+03 
5.5851660969e-06 1.0000000000e+00 2.1322287763e+03 
4.1293372490e-06 1.0000000000e+00 2.2395886521e+03 
9.3052772276e-05 1.0000000000e+00 2.2771851158e+03 
7.7441434151e-06 1.0000000000e+00 2.3174715496e+03 
1.4337962207e-05 1.0000000000e+00 2.6211824359e+03 
9.5676887906e-06 1.0000000000e+00 2.2675660109e+03 
6.0299140326e-05 1.0000000000e+00 2.3157227617e+03 
1.0717648990e-05 1.0000000000e+00 2.5084285336e+03 
5.5391029753e-06 1.0000000000e+00 2.3610333550e+03 
1.6441767029e-05 1.0000000000e+00 1.5165926894e+03 
1.0026617140e-05 1.0000000000e+00 1.9409488758e+03 
2.5421109056e-05 1.0000000000e+00 2.7768110588e+03 
7.9047134017e-06 1.0000000000e+00 1.9804883192e+03 
4.4337002489e-05 1.0000000000e+00 1.9544797098e+03 
7.6912099627e-06 1.0000000000e+00 1.9826636746e+03 
2.4602599249e-05 1.0000000000e+00 1.7386274446e+03 
5.9783950306e-06 1.0000000000e+00 2.0582729016e+03 
1.6039375778e-05 1.0000000000e+00 2.3702380113e+03 
8.8564124199e-06 1.0000000000e+00 2.4447637266e+03 
1.3393600816e-04 1.0000000000e+00 2.5574539813e+03 
2.9501059819e-05 1.0000000000e+00 2.2053314613e+03 
6.0874162347e-06 1.0000000000e+00 2.3950627719e+03 
4.3450938638e-04 1.0000000000e+00 2.6106240308e+03 
1.1902775231e-04 1.0000000000e+00 2.3987331933e+03 
9.7721362679e-06 1.0000000000e+00 2.2348494910e+03 
1.0609873933e-05 1.0000000000e+00 2.0169155933e+03 
4.5206950747e-05 1.0000000000e+00 2.4059470881e+03 
1.1938492236e-05 1.0000000000e+00 2.0284076090e+03 
3.3978418265e-05 1.0000000000e+00 2.2172419185e+03 
1.9344901662e-05 1.0000000000e+00 2.7404783113e+03 
4.1337391264e-05 1.0000000000e+00 2.3232137531e+03 
1.5965580784e-05 1.0000000000e+00 2.1150294222e+03 
9.6713585491e-06 1.0000000000e+00 1.9462671495e+03 
1.2359596113e-05 1.0000000000e+00 2.3164273457e+03 
1.7499617659e-05 1.0000000000e+00 2.2188524599e+03 
7.4550448996e-05 1.0000000000e+00 2.1561935642e+03 
9.4092877449e-05 1.0000000000e+00 2.3325990965e+03 
1.1384030824e-04 1.0000000000e+00 2.1642486488e+03 
6.7872202316e-06 1.0000000000e+00 2.2649575943e+03 
2.4597423843e-05 1.0000000000e+00 2.0421261832e+03 
8.9309479146e-06 1.0000000000e+00 2.4150262512e+03 
1.3977772938e-05 1.0000000000e+00 2.1940061755e+03 
2.0162185260e-04 1.0000000000e+00 2.2550312823e+03 
4.6801373086e-04 1.0000000000e+00 2.5456754731e+03 
7.9951713989e-04 1.0000000000e+00 5.1391173236e+02 
4.6882534212e-05 1.0000000000e+00 2.3838128320e+03 
6.0406894740e-06 1.0000000000e+00 2.3171530798e+03 
1.3755010244e-05 1.0000000000e+00 2.4385936178e+03 
4.5290865864e-06 1.0000000000e+00 2.2336277465e+03 
1.6973763433e-05 1.0000000000e+00 2.1202688820e+03 
8.3608341844e-05 1.0000000000e+00 2.5851930769e+03 
9.1087159013e-06 1.0000000000e+00 2.1110361537e+03 
2.4751108043e-05 1.0000000000e+00 2.0651166664e+03 
2.0904792128e-05 1.0000000000e+00 2.0463838581e+03 
6.0320700666e-05 1.0000000000e+00 7.8386118508e+02 
1.7212022873e-05 1.0000000000e+00 1.7508495364e+03 
1.0789989476e-05 1.0000000000e+00 2.1507008858e+03 
1.6626873636e-05 1.0000000000e+00 2.1268926988e+03 
1.7008812442e-05 1.0000000000e+00 2.4916091584e+03 
4.2007223612e-04 1.0000000000e+00 2.6261050371e+03 
1.2872376151e-05 1.0000000000e+00 2.1541790207e+03 
1.1662606366e-04 1.0000000000e+00 2.1031098530e+03 
3.0086838067e-05 1.0000000000e+00 2.0125650462e+03 
4.0354171133e-06 1.0000000000e+00 2.2214869099e+03 
3.6876775751e-06 1.0000000000e+00 2.2028623680e+03 
3.0045958994e-05 1.0000000000e+00 2.4223619992e+03 
2.2917975556e-05 1.0000000000e+00 1.9812320685e+03 
2.9223772480e-04 1.0000000000e+00 2.5275933010e+03 
5.9465318376e-06 1.0000000000e+00 2.2579148100e+03 
1.1541320879e-05 1.0000000000e+00 1.9649694270e+03 
5.4718634678e-05 1.0000000000e+00 2.1366228248e+03 
2.1198564351e-05 1.0000000000e+00 2.1772375847e+03 
3.2754506988e-06 1.0000000000e+00 2.3086553641e+03 
2.7391371474e-05 1.0000000000e+00 2.5058971207e+03 
9.2547610187e-06 1.0000000000e+00 2.1146252229e+03 
4.8323333392e-05 1.0000000000e+00 2.1259012254e+03 
4.1205257747e-06 1.0000000000e+00 2.3840919163e+03 
1.3110137282e-05 1.0000000000e+00 2.2123496398e+03 
7.7965505218e-06 1.0000000000e+00 2.3240461826e+03 
3.2848791249e-05 1.0000000000e+00 1.9904564038e+03 
4.2116265204e-06 1.0000000000e+00 2.2599889165e+03 
1.0617841075e-04 1.0000000000e+00 4.3038802554e+02 
2.7439950532e-05 1.0000000000e+00 2.3173219861e+03 
1.7360150472e-05 1.0000000000e+00 2.2572439938e+03 
7.9117517977e-05 1.0000000000e+00 2.2856494118e+03 
3.9528821787e-05 1.0000000000e+00 2.1439230622e+03 
1.3698303872e-05 1.0000000000e+00 1.9306623403e+03 
8.0553310106e-06 1.0000000000e+00 2.2575355962e+03 
8.6014867131e-06 1.0000000000e+00 2.0832662850e+03 
3.4964137682e-06 1.0000000000e+00 2.3515342646e+03 
4.1573047518e-06 1.0000000000e+00 2.0922734857e+03 
9.0772775222e-06 1.0000000000e+00 2.1657655068e+03 
2.3215349542e-05 1.0000000000e+00 2.0051223726e+03 
1.3368292231e-05 1.0000000000e+00 2.1658400928e+03 
4.5159609632e-05 1.0000000000e+00 1.8466084613e+03 
1.2724402753e-05 1.0000000000e+00 2.2612882731e+03 
2.7767321562e-05 1.0000000000e+00 2.3677215302e+03 
1.5307709230e-05 1.0000000000e+00 2.0934047394e+03 
4.7225211852e-06 1.0000000000e+00 2.3697880070e+03 
8.2115982377e-06 1.0000000000e+00 2.3922741990e+03 
4.4072524445e-05 1.0000000000e+00 2.3861429022e+03 
1.2088997797e-04 1.0000000000e+00 1.9142777970e+03 
1.3293018413e-05 1.0000000000e+00 2.0796388129e+03 
1.2103498305e-05 1.0000000000e+00 1.9777163496e+03 
3.2010936173e-06 1.0000000000e+00 2.2947559910e+03 
1.6217344890e-05 1.0000000000e+00 2.1340102181e+03 
1.8311770797e-05 1.0000000000e+00 2.1514830868e+03 
1.3330022098e-05 1.0000000000e+00 2.8137134267e+03 
2.0957264546e-05 1.0000000000e+00 2.2392087152e+03 
1.1751981744e-05 1.0000000000e+00 1.7655949391e+03 
1.2874835608e-05 1.0000000000e+00 2.3223077379e+03 
1.0803108812e-05 1.0000000000e+00 2.1511779449e+03 
4.6442443898e-06 1.0000000000e+00 2.1686051511e+03 
9.1669479477e-06 1.0000000000e+00 2.0561470496e+03 
4.6669455839e-05 1.0000000000e+00 2.3116945124e+03 
2.3070630947e-05 1.0000000000e+00 2.8111880996e+03 
5.0961567426e-05 1.0000000000e+00 2.2153976087e+03 
7.2791101036e-06 1.0000000000e+00 2.2648053333e+03 
5.8714543909e-05 1.0000000000e+00 2.2614138883e+03 
3.3061464699e-05 1.0000000000e+00 6.2369304305e+02 
1.3205885510e-05 1.0000000000e+00 1.6067002271e+03 
1.6597037910e-04 1.0000000000e+00 2.3984995401e+03 
2.1458183827e-05 1.0000000000e+00 2.0883048836e+03 
1.7078254563e-05 1.0000000000e+00 2.0163127381e+03 
4.8294882005e-06 1.0000000000e+00 2.2594476473e+03 
5.8960845563e-06 1.0000000000e+00 2.2302843397e+03 
1.5517515402e-05 1.0000000000e+00 2.2960059420e+03 
1.8604432236e-05 1.0000000000e+00 2.1852797495e+03 
1.6601203417e-05 1.0000000000e+00 2.1636329044e+03 
4.6779071310e-05 1.0000000000e+00 1.6385480999e+03 
1.9695792132e-05 1.0000000000e+00 1.9655723847e+03 
6.9043931270e-05 1.0000000000e+00 2.3490285605e+03 
2.7249601301e-05 1.0000000000e+00 2.0787943942e+03 
4.1925902399e-05 1.0000000000e+00 2.1513310717e+03 
1.9541344249e-05 1.0000000000e+00 2.2302473615e+03 
3.2918945938e-05 1.0000000000e+00 2.2748278262e+03 
2.0505984539e-05 1.0000000000e+00 2.3275408517e+03 
2.1543971814e-03 1.0000000000e+00 4.1043564856e+02 
4.1490466684e-05 1.0000000000e+00 2.3661633917e+03 
4.4577905079e-05 1.0000000000e+00 2.3060986648e+03 
1.4016903962e-05 1.0000000000e+00 2.0580890847e+03 
5.4176796603e-05 1.0000000000e+00 1.9349914472e+03 
2.7958289022e-06 1.0000000000e+00 2.2267459707e+03 
3.1221004391e-05 1.0000000000e+00 2.7099864575e+03 
1.7345947370e-05 1.0000000000e+00 2.2253390894e+03 
1.1051332191e-04 1.0000000000e+00 2.2470033055e+03 
3.3407601110e-06 1.0000000000e+00 2.1766667276e+03 
8.3614995425e-06 1.0000000000e+00 2.3360662576e+03 
1.7512508018e-05 1.0000000000e+00 2.3973668562e+03 
1.3941308266e-05 1.0000000000e+00 2.4531576855e+03 
4.0019379800e-05 1.0000000000e+00 2.4606311879e+03 
4.7479218579e-05 1.0000000000e+00 2.0356369675e+03 
2.0192102789e-05 1.0000000000e+00 2.2476176354e+03 
6.6758117019e-06 1.0000000000e+00 2.1075407634e+03 
1.3238897925e-05 1.0000000000e+00 1.0568955656e+03 
1.6459181738e-05 1.0000000000e+00 1.8786538556e+03 
2.5872835472e-05 1.0000000000e+00 2.2310078277e+03 
4.4302517430e-05 1.0000000000e+00 2.2728834148e+03 
2.4148876994e-05 1.0000000000e+00 2.7112347542e+03 
5.9551448051e-06 1.0000000000e+00 2.4337490360e+03 
1.7870963766e-04 1.0000000000e+00 3.2015309421e+02 
2.7533484172e-05 1.0000000000e+00 2.1689930979e+03 
7.0542770324e-06 1.0000000000e+00 2.0631566338e+03 
2.2034505791e-05 1.0000000000e+00 2.3894737859e+03 
1.9788924117e-05 1.0000000000e+00 1.9161482309e+03 
3.9365257045e-05 1.0000000000e+00 2.1333029950e+03 
1.6656308461e-05 1.0000000000e+00 2.1124507647e+03 
1.5710028980e-05 1.0000000000e+00 1.9858487026e+03 
1.9634159517e-05 1.0000000000e+00 2.1344781545e+03 
2.1407365822e-05 1.0000000000e+00 1.3240887479e+03 
3.9961961384e-05 1.0000000000e+00 2.1605266587e+03 
8.5320253901e-06 1.0000000000e+00 2.1858279770e+03 
3.5107717289e-06 1.0000000000e+00 2.3516037376e+03 
1.4833418859e-05 1.0000000000e+00 2.1802432445e+03 
1.5682109825e-05 1.0000000000e+00 2.3217733677e+03 
1.3305626392e-04 1.0000000000e+00 2.4351033018e+03 
5.0667660435e-06 1.0000000000e+00 2.1741552140e+03 
1.6235437226e-05 1.0000000000e+00 2.4052063578e+03 
6.0118638023e-05 1.0000000000e+00 2.1104916100e+03 
4.8302154678e-05 1.0000000000e+00 2.3884311974e+03 
5.3600631682e-06 1.0000000000e+00 2.3517941073e+03 
2.7608679806e-05 1.0000000000e+00 1.9495165909e+03 
4.0974528884e-05 1.0000000000e+00 2.1701385190e+03 
1.8433287962e-05 1.0000000000e+00 2.3253255851e+03 
3.3326473797e-05 1.0000000000e+00 2.3505112337e+03 
4.5085018886e-05 1.0000000000e+00 2.4127874465e+03 
3.0549416074e-05 1.0000000000e+00 2.0536834260e+03 
1.0405255659e-05 1.0000000000e+00 2.4862871090e+03 
1.8360413191e-05 1.0000000000e+00 2.0995770867e+03 
6.4585423174e-05 1.0000000000e+00 2.0633353669e+03 
2.1314683898e-05 1.0000000000e+00 1.8512935440e+03 
5.4401762530e-05 1.0000000000e+00 2.3890713327e+03 
4.0680464161e-05 1.0000000000e+00 2.0465838629e+03 
7.1072960648e-05 1.0000000000e+00 2.2381419297e+03 
1.1658105355e-05 1.0000000000e+00 2.4369666793e+03 
9.6608105324e-06 1.0000000000e+00 2.3036895338e+03 
9.8881369241e-06 1.0000000000e+00 2.1897929269e+03 
7.4716585589e-06 1.0000000000e+00 2.3235265934e+03 
3.5551307940e-06 1.0000000000e+00 2.3608857519e+03 
1.5817421911e-05 1.0000000000e+00 2.0376603867e+03 
6.5607367391e-06 1.0000000000e+00 2.1029624209e+03 
1.7117902346e-05 1.0000000000e+00 2.4320388441e+03 
9.5203031722e-06 1.0000000000e+00 2.4483897994e+03 
9.6109053509e-06 1.0000000000e+00 1.9435778876e+03 
7.4695635264e-06 1.0000000000e+00 2.3968078717e+03 
3.8333221864e-06 1.0000000000e+00 2.2929076717e+03 
6.1240533129e-06 1.0000000000e+00 2.4732304715e+03 
1.2234317727e-05 1.0000000000e+00 2.2952758773e+03 
7.8959079722e-05 1.0000000000e+00 2.4493309405e+03 
6.9838483557e-06 1.0000000000e+00 2.5590182649e+03 
2.1035749482e-05 1.0000000000e+00 2.0337588028e+03 
2.8608790114e-05 1.0000000000e+00 2.6186247170e+03 
5.2117286611e-05 1.0000000000e+00 2.2953436233e+03 
1.5450849508e-05 1.0000000000e+00 2.0981317434e+03 
2.3416474281e-05 1.0000000000e+00 2.3557893411e+03 
4.5760086141e-05 1.0000000000e+00 2.3292292200e+03 
3.4365017107e-05 1.0000000000e+00 2.1342075824e+03 
3.6871486218e-05 1.0000000000e+00 2.2234777658e+03 
9.3218262500e-06 1.0000000000e+00 2.1619905414e+03 
7.9763794963e-05 1.0000000000e+00 2.7601696857e+03 
5.8862991695e-06 1.0000000000e+00 2.4005411412e+03 
7.0476210888e-06 1.0000000000e+00 2.0797276675e+03 
3.1182321689e-06 1.0000000000e+00 2.2833773866e+03 
3.5267234953e-06 1.0000000000e+00 2.3921285745e+03 
1.3170584398e-05 1.0000000000e+00 2.5342601020e+03 
1.5669504972e-05 1.0000000000e+00 2.3554084500e+03 
2.8853870655e-05 1.0000000000e+00 2.1362327401e+03 
1.6937361920e-05 1.0000000000e+00 1.9656136314e+03 
1.5155667747e-05 1.0000000000e+00 2.1929492983e+03 
1.1925317702e-05 1.0000000000e+00 2.2939717001e+03 
1.7686594805e-05 1.0000000000e+00 2.1769352840e+03 
2.6039764463e-05 1.0000000000e+00 2.1946168498e+03 
1.1502274128e-05 1.0000000000e+00 1.9021290925e+03 
5.3779519190e-05 1.0000000000e+00 2.3847768104e+03 
1.9666594104e-05 1.0000000000e+00 1.9942952491e+03 
1.0007572209e-05 1.0000000000e+00 2.0939299333e+03 
2.0699342559e-05 1.0000000000e+00 1.9824477598e+03 
3.1367837374e-06 1.0000000000e+00 2.3530725141e+03 
3.5626318007e-05 1.0000000000e+00 2.0886112448e+03 
5.2293088441e-05 1.0000000000e+00 2.2552242658e+03 
8.9233411877e-06 1.0000000000e+00 2.4592856653e+03 
4.1888404881e-05 1.0000000000e+00 5.3400184732e+02 
2.5720331545e-05 1.0000000000e+00 2.3347965476e+03 
2.4820806723e-05 1.0000000000e+00 2.1021337288e+03 
1.4773579737e-05 1.0000000000e+00 1.9785020121e+03 
2.7139050895e-05 1.0000000000e+00 2.1283460510e+03 
1.2722966930e-05 1.0000000000e+00 2.2542962395e+03 
6.0681532093e-05 1.0000000000e+00 2.2185830913e+03 
1.1589464385e-05 1.0000000000e+00 2.2654239696e+03 
7.7378202835e-05 1.0000000000e+00 2.2392310450e+03 
1.2849931371e-05 1.0000000000e+00 2.1670204713e+03 
9.6588093409e-06 1.0000000000e+00 2.3286530169e+03 
8.5706030225e-06 1.0000000000e+00 2.0179510552e+03 
3.5748441231e-05 1.0000000000e+00 2.1600962848e+03 
1.1321795572e-05 1.0000000000e+00 2.3780647520e+03 
6.6856918025e-06 1.0000000000e+00 2.1953730348e+03 
7.9154698285e-06 1.0000000000e+00 2.0186284842e+03 
4.8539248159e-05 1.0000000000e+00 2.2402379014e+03 
1.3725340902e-05 1.0000000000e+00 1.8970985080e+03 
1.6217677895e-05 1.0000000000e+00 2.0092492274e+03 
8.1898867948e-05 1.0000000000e+00 1.9482373173e+03 
4.2213819500e-05 1.0000000000e+00 1.9742566332e+03 
1.6737012423e-05 1.0000000000e+00 1.8842685637e+03 
1.1608586998e-05 1.0000000000e+00 2.1334364519e+03 
8.5091625232e-06 1.0000000000e+00 2.0179535849e+03 
1.4602184929e-05 1.0000000000e+00 2.1425428633e+03 
7.9331203686e-05 1.0000000000e+00 2.3498690184e+03 
7.6683159121e-06 1.0000000000e+00 2.2584090074e+03 
1.9336177268e-05 1.0000000000e+00 2.4751323016e+03 
4.3722923493e-06 1.0000000000e+00 2.3820964320e+03 
2.8277320223e-05 1.0000000000e+00 2.1637844011e+03 
1.4266111198e-05 1.0000000000e+00 2.0521203190e+03 
1.6737875298e-05 1.0000000000e+00 2.1417658040e+03 
2.4243731972e-05 1.0000000000e+00 2.6811965527e+03 
5.6391883092e-05 1.0000000000e+00 2.4976223059e+03 
1.7946760994e-05 1.0000000000e+00 2.2704951471e+03 
3.4545809173e-05 1.0000000000e+00 2.4787675231e+03 
4.5495601234e-05 1.0000000000e+00 2.3689335605e+03 
1.2859366037e-05 1.0000000000e+00 2.6086886774e+03 
1.9131883592e-05 1.0000000000e+00 2.0856483150e+03 
1.7083098601e-05 1.0000000000e+00 2.0555825410e+03 
2.2473753850e-05 1.0000000000e+00 2.0726756642e+03 
3.3520524562e-05 1.0000000000e+00 2.3230815775e+03 
1.2129958492e-05 1.0000000000e+00 2.2203784586e+03 
3.8254824468e-06 1.0000000000e+00 2.2115334542e+03 
1.8710667997e-05 1.0000000000e+00 2.5335011706e+03 
3.4476115141e-05 1.0000000000e+00 2.3396836437e+03 
4.7098712702e-05 1.0000000000e+00 2.3640117191e+03 
8.8434883702e-06 1.0000000000e+00 2.0446163637e+03 
2.0792590528e-05 1.0000000000e+00 2.3500600138e+03 
6.6343110170e-06 1.0000000000e+00 2.2793830125e+03 
1.1315733362e-05 1.0000000000e+00 1.7066954234e+03 
3.4681024241e-05 1.0000000000e+00 2.1299879968e+03 
2.3644107430e-05 1.0000000000e+00 2.4501915356e+03 
4.7286051130e-05 1.0000000000e+00 2.6761179836e+03 
1.6033210781e-05 1.0000000000e+00 2.4654025038e+03 
1.3566550752e-05 1.0000000000e+00 2.3021970680e+03 
5.5191721014e-06 1.0000000000e+00 2.2285678007e+03 
8.0941489495e-06 1.0000000000e+00 2.3509626880e+03 
4.6928232984e-06 1.0000000000e+00 2.2779033102e+03 
9.4699205695e-06 1.0000000000e+00 2.3794581663e+03 
1.2726962778e-05 1.0000000000e+00 2.1190018754e+03 
