Mass [kg]        Velocity [m s-1]    Theta [rad]    CO2 [wt. frac]    
1.2073221537e-09 1.7332239879e+04 1.2983639296e-01 2.0000000000e-01 
1.6345608640e-04 1.9093693416e+04 5.4588178502e-01 2.0000000000e-01 
3.8844096318e-10 1.7228490019e+04 7.5389625512e-01 2.0000000000e-01 
1.3727522498e-09 1.9015304026e+04 1.0533951609e+00 2.0000000000e-01 
4.4226372752e-10 1.7780430417e+04 2.1963419016e-01 2.0000000000e-01 
7.3097816479e-11 1.9232319725e+04 7.7617525732e-01 2.0000000000e-01 
1.7023381872e-09 1.3319498726e+04 1.0744459070e+00 2.0000000000e-01 
5.8486232061e-08 1.9084714580e+04 9.6677063930e-01 2.0000000000e-01 
5.2518428231e-11 1.2601575982e+04 8.4970981699e-01 2.0000000000e-01 
2.7766076291e-10 1.8303069836e+04 3.3336890722e-01 2.0000000000e-01 
1.0143841235e-06 1.1289820287e+04 8.3304533743e-01 2.0000000000e-01 
2.9763256364e-07 1.1878142214e+04 1.0752913520e+00 2.0000000000e-01 
3.4870339348e-07 1.3905780483e+04 1.1457766408e+00 2.0000000000e-01 
1.3028665465e-07 1.5241016228e+04 9.0763196530e-01 2.0000000000e-01 
6.2003632604e-06 1.5751698776e+04 7.1055640501e-01 2.0000000000e-01 
2.1692255383e-09 1.1467292511e+04 7.1928744370e-01 2.0000000000e-01 
5.3857768165e-10 1.7580491070e+04 3.4663125364e-01 2.0000000000e-01 
1.1138016219e-07 1.8939439040e+04 7.3836053374e-01 2.0000000000e-01 
1.2699914047e-09 1.9388888027e+04 9.1370108632e-01 2.0000000000e-01 
3.5717618166e-10 1.5278485007e+04 5.9328609868e-01 2.0000000000e-01 
6.5094835086e-09 1.5712953955e+04 2.0040842378e-01 2.0000000000e-01 
3.5250661746e-10 1.2321457271e+04 4.0455610370e-01 2.0000000000e-01 
7.2318133308e-08 1.4013984980e+04 1.1183241001e+00 2.0000000000e-01 
1.1385402008e-10 1.2228771224e+04 9.8545950255e-01 2.0000000000e-01 
2.5448926987e-11 1.5591521005e+04 1.0929484898e+00 2.0000000000e-01 
9.0030008741e-08 1.4950277839e+04 8.2523557623e-01 2.0000000000e-01 
2.9643654311e-09 1.7805800760e+04 1.3559999615e+00 2.0000000000e-01 
2.9320000000e-03 1.9382555063e+04 8.2127190461e-01 2.0000000000e-01 
1.2193817839e-09 1.9034043688e+04 3.6660181210e-01 2.0000000000e-01 
4.6037702225e-10 1.8949754452e+04 3.2639375591e-01 2.0000000000e-01 
7.2322865552e-08 1.9223721200e+04 8.6101227562e-01 2.0000000000e-01 
3.7283366423e-10 1.2762830482e+04 2.4166270906e-01 2.0000000000e-01 
5.6875362053e-07 1.6677009300e+04 6.9124868981e-01 2.0000000000e-01 
2.3155458697e-07 1.5385303693e+04 1.0233444296e+00 2.0000000000e-01 
1.0873878410e-04 1.5641523114e+04 5.8540391718e-01 2.0000000000e-01 
3.2932011930e-09 1.3911929336e+04 6.3152640549e-01 2.0000000000e-01 
4.7797512088e-06 1.6806837233e+04 1.1102247884e+00 2.0000000000e-01 
2.2819231347e-07 1.5682408573e+04 7.5664903362e-01 2.0000000000e-01 
4.1734711068e-08 1.7861022632e+04 5.5302751912e-01 2.0000000000e-01 
8.6601060199e-10 1.3518796244e+04 1.0393609322e+00 2.0000000000e-01 
7.0471043563e-08 1.1653175100e+04 4.8966951180e-01 2.0000000000e-01 
1.3034820175e-05 1.9253205193e+04 1.2981077296e+00 2.0000000000e-01 
2.9320000000e-03 1.7517730774e+04 3.8602598590e-01 2.0000000000e-01 
5.9015922228e-10 1.5549816906e+04 1.4748952576e+00 2.0000000000e-01 
7.6673505272e-10 1.6693014914e+04 8.4734304790e-02 2.0000000000e-01 
1.6767801164e-07 1.8927460855e+04 1.7944947595e-01 2.0000000000e-01 
8.4990178885e-10 1.4381240409e+04 1.1081935095e+00 2.0000000000e-01 
2.5221180907e-09 1.8434837830e+04 1.0839404394e+00 2.0000000000e-01 
2.5166210694e-09 1.7044041385e+04 5.8600299266e-01 2.0000000000e-01 
8.0496088705e-09 1.3340821230e+04 6.2505522797e-01 2.0000000000e-01 
3.6176140391e-09 1.1680592646e+04 9.3799090939e-01 2.0000000000e-01 
3.6273644634e-09 1.6447590410e+04 3.1312478665e-01 2.0000000000e-01 
2.9320000000e-03 1.7153159900e+04 1.0113087704e+00 2.0000000000e-01 
6.2687625358e-09 1.3239597919e+04 1.1749599253e+00 2.0000000000e-01 
2.9552231932e-10 1.9110532785e+04 7.1926159241e-01 2.0000000000e-01 
2.0296187981e-04 1.1357695980e+04 1.0049978286e+00 2.0000000000e-01 
1.9300115992e-07 1.8632008957e+04 4.1440504592e-01 2.0000000000e-01 
2.9320000000e-03 1.7769270369e+04 6.2786605919e-01 2.0000000000e-01 
6.4998960055e-09 1.9541967290e+04 7.3608855324e-01 2.0000000000e-01 
2.1666705139e-10 1.3550969909e+04 8.3694658649e-01 2.0000000000e-01 
5.1923572008e-11 1.8179544701e+04 8.9298343894e-01 2.0000000000e-01 
2.0357660002e-04 1.3356629877e+04 3.8182400537e-01 2.0000000000e-01 
6.3875300357e-08 1.5770609838e+04 3.5299848501e-01 2.0000000000e-01 
8.7419328978e-07 1.2158647358e+04 9.4438021965e-01 2.0000000000e-01 
7.1508799181e-10 1.7077166675e+04 9.7379146663e-01 2.0000000000e-01 
9.3336497488e-09 1.7095036261e+04 7.1924415139e-01 2.0000000000e-01 
2.9799595102e-08 1.3289679837e+04 2.5144148213e-01 2.0000000000e-01 
5.8208016610e-10 1.9270572774e+04 2.8996299656e-01 2.0000000000e-01 
1.5488232458e-08 1.9896439040e+04 1.0792236566e+00 2.0000000000e-01 
4.2346321276e-08 1.3823924495e+04 1.2487058797e+00 2.0000000000e-01 
3.1183945488e-08 1.9490458272e+04 6.8445606127e-01 2.0000000000e-01 
2.6147094386e-09 1.9215545781e+04 6.5581526371e-01 2.0000000000e-01 
2.7369204165e-09 1.7423735425e+04 1.3282770379e+00 2.0000000000e-01 
7.2546826051e-11 1.3924364608e+04 8.8513934522e-01 2.0000000000e-01 
1.0201862039e-07 1.3100301585e+04 5.4308061212e-01 2.0000000000e-01 
1.0958852268e-07 1.6789809803e+04 9.4813306528e-01 2.0000000000e-01 
1.3371193037e-06 1.2881033555e+04 4.4173724836e-01 2.0000000000e-01 
3.8772500307e-08 1.8738324926e+04 1.2428752975e+00 2.0000000000e-01 
1.9244513004e-08 1.2758511487e+04 8.7689141247e-01 2.0000000000e-01 
2.9320000000e-03 1.6023490035e+04 6.6830044276e-01 2.0000000000e-01 
3.4741530704e-07 1.3961744482e+04 6.6453129056e-01 2.0000000000e-01 
2.7365115365e-08 1.4904817522e+04 2.0990699860e-01 2.0000000000e-01 
3.5840480581e-09 1.4007692091e+04 1.1438390704e+00 2.0000000000e-01 
1.1690547139e-08 1.8410327914e+04 1.3332632903e+00 2.0000000000e-01 
1.1354813387e-09 1.2983930215e+04 1.0755608098e+00 2.0000000000e-01 
2.3911231190e-07 1.3613748610e+04 3.4568473380e-01 2.0000000000e-01 
1.0380333269e-09 1.8571527206e+04 7.4641552030e-01 2.0000000000e-01 
8.0272059600e-06 1.7296744346e+04 1.1224080058e+00 2.0000000000e-01 
3.4873363994e-06 1.9656600532e+04 9.3559450260e-01 2.0000000000e-01 
5.5533521887e-10 1.2911879962e+04 3.4557892532e-01 2.0000000000e-01 
1.8298409722e-10 1.6927705442e+04 4.0217953766e-01 2.0000000000e-01 
2.6504971650e-10 1.3426205973e+04 4.3975711341e-01 2.0000000000e-01 
1.2559176163e-09 1.2004378694e+04 5.8587789532e-01 2.0000000000e-01 
6.8089774524e-07 1.5799497523e+04 8.0115966168e-01 2.0000000000e-01 
1.6586086470e-10 1.8908602046e+04 7.0104786909e-01 2.0000000000e-01 
7.3018362620e-10 1.9842208425e+04 1.1903360487e+00 2.0000000000e-01 
9.7041932773e-09 1.2494682614e+04 7.2201707500e-01 2.0000000000e-01 
3.0618842284e-09 1.9742684760e+04 1.1055859904e+00 2.0000000000e-01 
1.5790718250e-09 1.4531542809e+04 3.5553785426e-01 2.0000000000e-01 
2.8145220580e-07 1.8098296308e+04 7.0165915417e-01 2.0000000000e-01 
1.8239620326e-10 1.5216652452e+04 1.2038244374e+00 2.0000000000e-01 
2.6431819177e-10 1.1820473881e+04 8.8821730743e-01 2.0000000000e-01 
4.3794618450e-11 1.6890656519e+04 3.9590765895e-01 2.0000000000e-01 
1.9721062408e-09 1.8991603334e+04 6.3639296455e-01 2.0000000000e-01 
5.5333918149e-10 1.5321307920e+04 6.2900779955e-01 2.0000000000e-01 
2.4876821471e-09 1.3345876045e+04 6.7364188258e-01 2.0000000000e-01 
6.9320000601e-11 1.9088491900e+04 2.7740294127e-01 2.0000000000e-01 
5.5028891598e-08 1.3825464082e+04 4.4599735904e-01 2.0000000000e-01 
4.4899874216e-08 1.6138562103e+04 9.8568155054e-01 2.0000000000e-01 
1.0757724544e-07 1.6653224984e+04 1.1364488735e+00 2.0000000000e-01 
1.4980313505e-09 1.3297985046e+04 1.1299909029e+00 2.0000000000e-01 
5.0092103945e-09 1.2296362843e+04 5.3366216083e-01 2.0000000000e-01 
1.7734931391e-06 1.8754265202e+04 8.6302064437e-01 2.0000000000e-01 
2.3717516837e-08 1.7499531693e+04 8.2610636175e-01 2.0000000000e-01 
9.8240610337e-09 1.1575105876e+04 1.0074462074e+00 2.0000000000e-01 
2.8303402832e-10 1.7802443843e+04 1.1758662068e+00 2.0000000000e-01 
3.2107760751e-11 1.4300636993e+04 3.9860895940e-01 2.0000000000e-01 
4.3560441794e-08 1.7243159035e+04 2.1007416771e-01 2.0000000000e-01 
2.5829090255e-10 1.4899952336e+04 1.0831416008e+00 2.0000000000e-01 
3.6778490586e-09 1.7706795902e+04 3.3022390586e-01 2.0000000000e-01 
2.2390603813e-10 1.4980626090e+04 7.4449280794e-01 2.0000000000e-01 
1.9000637083e-10 1.4846467800e+04 2.7178013774e-01 2.0000000000e-01 
1.0382838343e-06 1.3806407528e+04 6.0294253400e-01 2.0000000000e-01 
1.3293049049e-09 1.9995709560e+04 1.4448493377e+00 2.0000000000e-01 
2.9320000000e-03 1.7070305848e+04 4.2858601450e-01 2.0000000000e-01 
1.9095270970e-09 1.6362552309e+04 8.4866715663e-01 2.0000000000e-01 
3.4396810902e-09 1.7305001253e+04 1.2217680785e+00 2.0000000000e-01 
5.1289737423e-08 1.5021626345e+04 3.7670640435e-01 2.0000000000e-01 
9.7776072333e-09 1.7491715059e+04 8.9751205625e-01 2.0000000000e-01 
3.1541167037e-08 1.6576582094e+04 1.1875675743e+00 2.0000000000e-01 
2.7924691372e-11 1.8738233430e+04 4.1399566646e-01 2.0000000000e-01 
6.9220211800e-08 1.2420339165e+04 2.1346036607e-01 2.0000000000e-01 
7.0157479337e-08 1.1674565109e+04 3.8457462059e-01 2.0000000000e-01 
2.9320000000e-03 1.3917828127e+04 2.7812636670e-01 2.0000000000e-01 
2.9320000000e-03 1.5609956534e+04 1.2323054062e+00 2.0000000000e-01 
3.2270144701e-11 1.2333227956e+04 9.1714068159e-01 2.0000000000e-01 
1.2973548421e-08 1.3487298743e+04 4.0310224648e-01 2.0000000000e-01 
1.6270755895e-07 1.8174895188e+04 9.3184429557e-01 2.0000000000e-01 
4.9790221122e-08 1.4874586828e+04 1.0336290393e+00 2.0000000000e-01 
8.1155507831e-09 1.3526677171e+04 5.7665360961e-01 2.0000000000e-01 
1.3661476794e-09 1.7382786964e+04 7.7842527933e-01 2.0000000000e-01 
4.7373598494e-05 1.5732143269e+04 5.7820850170e-01 2.0000000000e-01 
1.1826562382e-10 1.1749123240e+04 3.0248406382e-01 2.0000000000e-01 
5.6452619641e-10 1.1515144974e+04 1.2982461212e+00 2.0000000000e-01 
1.8940204861e-10 1.4241730550e+04 1.1354892324e+00 2.0000000000e-01 
2.6184222888e-10 1.4816071417e+04 1.1651365368e+00 2.0000000000e-01 
1.9351638751e-08 1.8717733193e+04 1.0608133784e+00 2.0000000000e-01 
7.9481875194e-11 1.1944136129e+04 9.0023837880e-01 2.0000000000e-01 
5.6545258993e-09 1.4497637806e+04 9.6713728686e-01 2.0000000000e-01 
2.9320000000e-03 1.6772411910e+04 1.0066893464e+00 2.0000000000e-01 
5.6313313575e-08 1.5677893176e+04 2.2571041462e-01 2.0000000000e-01 
2.5425618494e-11 1.3606545778e+04 1.1419607844e+00 2.0000000000e-01 
6.9270844826e-09 1.9783400888e+04 9.4642996717e-01 2.0000000000e-01 
3.4125234345e-07 1.6954804652e+04 3.6580278141e-01 2.0000000000e-01 
5.6437326766e-06 1.8975475328e+04 2.3849047219e-01 2.0000000000e-01 
2.5284519055e-09 1.6014405460e+04 6.3921650320e-01 2.0000000000e-01 
7.0110030202e-07 1.3177177080e+04 4.3466029182e-01 2.0000000000e-01 
2.4306124400e-11 1.6543488542e+04 8.7979230592e-01 2.0000000000e-01 
7.1021882970e-11 1.7439456446e+04 7.3995845955e-01 2.0000000000e-01 
1.5931262012e-07 1.5526550762e+04 5.5880810830e-01 2.0000000000e-01 
8.9241152035e-07 1.5712879964e+04 1.0605259928e+00 2.0000000000e-01 
2.9320000000e-03 1.9689447744e+04 5.4164317662e-01 2.0000000000e-01 
4.4628229708e-08 1.9673841138e+04 1.2127011705e+00 2.0000000000e-01 
5.7403720406e-09 1.1284244166e+04 6.5806103916e-01 2.0000000000e-01 
7.5154160994e-08 1.2859333853e+04 1.0082585327e+00 2.0000000000e-01 
1.2682911383e-05 1.9670966270e+04 9.8416934381e-01 2.0000000000e-01 
1.0976797669e-08 1.2263057590e+04 9.7436566069e-01 2.0000000000e-01 
3.8604823277e-09 1.6919541994e+04 9.6046556426e-02 2.0000000000e-01 
1.3070274979e-09 1.6953751136e+04 1.7689741155e-01 2.0000000000e-01 
7.4075168703e-09 1.3581814519e+04 6.2950098775e-01 2.0000000000e-01 
1.7442770393e-08 1.6715132011e+04 7.3279952214e-01 2.0000000000e-01 
4.8846525116e-10 1.5773971608e+04 1.3538050867e+00 2.0000000000e-01 
1.0937035023e-09 1.7066295050e+04 1.2422584206e+00 2.0000000000e-01 
2.4644679536e-07 1.7263513251e+04 8.5240709075e-01 2.0000000000e-01 
2.2548995842e-09 1.1224884740e+04 8.9330836017e-01 2.0000000000e-01 
2.3805085986e-07 1.9007016013e+04 4.2513485689e-01 2.0000000000e-01 
1.7171111646e-06 1.5115182738e+04 9.1265063096e-01 2.0000000000e-01 
8.9602368228e-08 1.7547833910e+04 6.1061108314e-01 2.0000000000e-01 
1.3672119864e-10 1.5700832142e+04 4.9699331614e-01 2.0000000000e-01 
2.5961625089e-07 1.5200738241e+04 1.0164196677e+00 2.0000000000e-01 
9.2684552827e-07 1.8930324294e+04 6.8682005222e-01 2.0000000000e-01 
5.0218848000e-09 1.7162543174e+04 2.6029046983e-01 2.0000000000e-01 
2.9320000000e-03 1.9642981982e+04 9.1878021587e-01 2.0000000000e-01 
7.1622915306e-09 1.6094145100e+04 8.8337362227e-01 2.0000000000e-01 
2.6284745210e-08 1.2508355682e+04 1.2408944208e+00 2.0000000000e-01 
2.9235809759e-09 1.2466892787e+04 1.2892998248e+00 2.0000000000e-01 
1.4253484961e-09 1.8027343908e+04 9.1297179983e-01 2.0000000000e-01 
2.1692545641e-10 1.7557127015e+04 1.3918396588e+00 2.0000000000e-01 
1.4356611893e-09 1.9670735154e+04 5.6760600297e-01 2.0000000000e-01 
1.0242440618e-09 1.1978970589e+04 5.6011813574e-01 2.0000000000e-01 
1.1571289459e-10 1.8739664904e+04 8.9266492712e-01 2.0000000000e-01 
1.1689426246e-07 1.2267256727e+04 2.3218938599e-01 2.0000000000e-01 
5.6157321242e-10 1.5778721034e+04 2.1238358036e-01 2.0000000000e-01 
4.5121321878e-11 1.5757094275e+04 1.0418538149e+00 2.0000000000e-01 
8.1109303271e-09 1.8698767130e+04 8.6878088471e-01 2.0000000000e-01 
3.3058387607e-11 1.4188777422e+04 5.9980703298e-01 2.0000000000e-01 
1.8440205301e-09 1.5365782635e+04 4.5646909978e-01 2.0000000000e-01 
2.7986055992e-09 1.5479300821e+04 1.0849917353e+00 2.0000000000e-01 
5.5987380450e-11 1.7695354590e+04 1.1629867795e+00 2.0000000000e-01 
1.6979224584e-10 1.7481925393e+04 8.9724887739e-01 2.0000000000e-01 
5.6677970891e-10 1.4118357370e+04 1.0731949523e+00 2.0000000000e-01 
1.6851133059e-08 1.2462618894e+04 1.3258715010e+00 2.0000000000e-01 
2.8702398292e-07 1.5003993813e+04 9.3680080337e-01 2.0000000000e-01 
5.0011094797e-09 1.1507470797e+04 1.3476964557e+00 2.0000000000e-01 
6.6094472411e-08 1.5034481330e+04 9.3287551113e-01 2.0000000000e-01 
5.4649383375e-08 1.6732498916e+04 1.1931093889e+00 2.0000000000e-01 
1.7547026627e-10 1.3572678423e+04 6.8435412645e-01 2.0000000000e-01 
1.4168817528e-10 1.7834690408e+04 9.3518760724e-01 2.0000000000e-01 
1.4975398087e-09 1.8788458556e+04 1.0128360832e+00 2.0000000000e-01 
8.8022604732e-09 1.4062331767e+04 4.7733081830e-01 2.0000000000e-01 
2.9320000000e-03 1.3775838057e+04 7.4405799931e-01 2.0000000000e-01 
1.0397171038e-09 1.7782919977e+04 6.5352579540e-01 2.0000000000e-01 
1.0471756500e-07 1.7676749731e+04 2.8566543918e-01 2.0000000000e-01 
1.3343224869e-07 1.7632096749e+04 1.1341341181e+00 2.0000000000e-01 
4.6618680145e-11 1.6684818329e+04 7.8074177971e-01 2.0000000000e-01 
2.9320000000e-03 1.8973236393e+04 7.2000338499e-01 2.0000000000e-01 
1.8585542535e-09 1.1900666575e+04 7.5526050415e-01 2.0000000000e-01 
1.8317855826e-05 1.8737519217e+04 1.1242932419e+00 2.0000000000e-01 
6.8396561411e-09 1.9790744885e+04 6.1808707386e-01 2.0000000000e-01 
8.4461296369e-08 1.1320420791e+04 1.3581967891e+00 2.0000000000e-01 
3.2932086582e-09 1.9594803854e+04 1.3956631746e+00 2.0000000000e-01 
1.5187979970e-10 1.6156007401e+04 1.3736464509e+00 2.0000000000e-01 
2.6063751130e-10 1.8103986371e+04 5.0941108668e-01 2.0000000000e-01 
5.1703398974e-09 1.5966666747e+04 2.6993175319e-02 2.0000000000e-01 
2.5781748609e-10 1.9404096698e+04 4.7105285791e-01 2.0000000000e-01 
2.2220526746e-10 1.7299893378e+04 1.1626369766e+00 2.0000000000e-01 
5.8708506998e-08 1.2668365867e+04 7.0952474112e-01 2.0000000000e-01 
9.8434444983e-08 1.4560409126e+04 8.0941177273e-01 2.0000000000e-01 
3.7660765257e-07 1.2700593314e+04 5.6053692257e-01 2.0000000000e-01 
4.5538213879e-09 1.2450431377e+04 1.1296105059e+00 2.0000000000e-01 
1.3608966336e-07 1.5599027101e+04 7.0140007101e-01 2.0000000000e-01 
3.3030669226e-07 1.4186027664e+04 2.3261289758e-01 2.0000000000e-01 
4.0153392125e-11 1.4672818673e+04 3.2886851194e-01 2.0000000000e-01 
6.5536540522e-10 1.1592576783e+04 1.0243823930e+00 2.0000000000e-01 
5.1634416995e-10 1.9415339874e+04 1.3081291552e+00 2.0000000000e-01 
7.5637781009e-08 1.8434096922e+04 6.7796586679e-02 2.0000000000e-01 
1.5758255145e-09 1.6933275976e+04 3.4369996222e-01 2.0000000000e-01 
7.3148764661e-08 1.3848750844e+04 8.3325441111e-01 2.0000000000e-01 
7.4789841076e-09 1.4775950774e+04 6.5477949725e-01 2.0000000000e-01 
3.2025993829e-10 1.1913822616e+04 1.0890698929e+00 2.0000000000e-01 
1.2892514767e-08 1.3980459830e+04 1.1129770880e+00 2.0000000000e-01 
6.7886202687e-10 1.3883382432e+04 9.7506383544e-01 2.0000000000e-01 
9.5309144963e-07 1.8738514583e+04 4.8410735123e-01 2.0000000000e-01 
1.1091530697e-09 1.6734694282e+04 3.4490255878e-01 2.0000000000e-01 
5.3507253890e-09 1.9049636485e+04 8.9541934586e-01 2.0000000000e-01 
7.4818377335e-10 1.7185762092e+04 1.2347480866e+00 2.0000000000e-01 
1.7825296504e-06 1.2055989900e+04 5.6573175597e-01 2.0000000000e-01 
3.4932288558e-08 1.2415375420e+04 1.4069391246e+00 2.0000000000e-01 
4.0713691155e-08 1.8044067395e+04 6.1789781934e-01 2.0000000000e-01 
1.6667353612e-08 1.7267950196e+04 5.6637033643e-01 2.0000000000e-01 
1.4449514634e-08 1.9303898831e+04 1.0242794468e+00 2.0000000000e-01 
8.3268588787e-09 1.2826752356e+04 7.8680843021e-01 2.0000000000e-01 
1.9161651247e-10 1.5583823979e+04 1.0423388777e+00 2.0000000000e-01 
8.5483684992e-08 1.5573651480e+04 8.3107390965e-01 2.0000000000e-01 
3.6600086714e-10 1.8562526650e+04 4.3519545222e-01 2.0000000000e-01 
1.1826508909e-08 1.5381673781e+04 1.0379991788e+00 2.0000000000e-01 
3.5194012431e-06 1.7530628955e+04 1.1665186227e+00 2.0000000000e-01 
1.1287466811e-08 1.6510259015e+04 1.0212705698e+00 2.0000000000e-01 
5.6982045603e-11 1.2201555752e+04 3.5408206223e-01 2.0000000000e-01 
4.0942943048e-10 1.9122903184e+04 4.4836714926e-01 2.0000000000e-01 
1.8912252480e-10 1.3458766714e+04 6.0201070608e-01 2.0000000000e-01 
9.2212442589e-06 1.4713426209e+04 3.8661133717e-01 2.0000000000e-01 
1.8924578525e-10 1.9915728271e+04 1.1907908661e+00 2.0000000000e-01 
1.9758678602e-09 1.1212656207e+04 1.2029993891e+00 2.0000000000e-01 
1.9862850312e-09 1.1875321630e+04 5.2124120129e-01 2.0000000000e-01 
2.3568101251e-06 1.5507542329e+04 6.1819897547e-01 2.0000000000e-01 
2.4137489069e-09 1.7069785879e+04 9.8983381488e-01 2.0000000000e-01 
7.5492936970e-10 1.4578408925e+04 5.3812446986e-02 2.0000000000e-01 
2.5225245549e-09 1.1467034229e+04 3.0590020512e-01 2.0000000000e-01 
9.5498125044e-10 1.8173697357e+04 1.0302128749e+00 2.0000000000e-01 
1.5666441712e-10 1.4730600753e+04 3.9960640536e-01 2.0000000000e-01 
8.1452295201e-10 1.4626335348e+04 2.9099967232e-01 2.0000000000e-01 
1.5404340168e-10 1.7551328377e+04 7.1298552764e-01 2.0000000000e-01 
2.9320000000e-03 1.8202853571e+04 1.0046807707e+00 2.0000000000e-01 
3.1104760770e-08 1.8923847540e+04 7.4926928229e-01 2.0000000000e-01 
2.9320000000e-03 1.3512880082e+04 5.5842887270e-01 2.0000000000e-01 
8.9680297905e-10 1.8810618664e+04 1.0882716668e+00 2.0000000000e-01 
9.3077434751e-06 1.6289858013e+04 7.9238040348e-01 2.0000000000e-01 
4.1525083121e-09 1.8179367481e+04 1.0214011127e-01 2.0000000000e-01 
4.9457994525e-07 1.4024988130e+04 4.7716982733e-01 2.0000000000e-01 
4.7613296415e-09 1.4429070695e+04 6.5660292863e-01 2.0000000000e-01 
2.9320000000e-03 1.6437406766e+04 1.3595408683e+00 2.0000000000e-01 
4.2531295927e-11 1.5600096754e+04 1.0487797409e+00 2.0000000000e-01 
2.4960276845e-08 1.9819291981e+04 9.9171000380e-01 2.0000000000e-01 
2.3214572152e-09 1.3078909985e+04 8.9094101068e-01 2.0000000000e-01 
6.9810275720e-06 1.4670568148e+04 3.0514301267e-01 2.0000000000e-01 
1.2230277907e-04 1.1612874972e+04 6.1597021770e-01 2.0000000000e-01 
1.7586524730e-07 1.1729341946e+04 5.4339603768e-01 2.0000000000e-01 
1.6261148271e-08 1.6795620734e+04 6.3519233212e-01 2.0000000000e-01 
2.3312718896e-10 1.2660703754e+04 4.8889996979e-01 2.0000000000e-01 
8.4429593083e-10 1.4845334703e+04 1.2719851276e+00 2.0000000000e-01 
2.9320000000e-03 1.8041382199e+04 1.1872106365e+00 2.0000000000e-01 
2.5928904976e-04 1.2951445189e+04 8.7816481152e-01 2.0000000000e-01 
2.3979128454e-10 1.4329173684e+04 7.7757800304e-01 2.0000000000e-01 
9.6304040879e-10 1.3701947925e+04 4.9055198823e-01 2.0000000000e-01 
2.1721856923e-09 1.5245416997e+04 1.3285673131e+00 2.0000000000e-01 
8.3963742758e-10 1.1906303994e+04 4.6642545950e-01 2.0000000000e-01 
2.8498824914e-11 1.7209265735e+04 5.4914747241e-01 2.0000000000e-01 
3.9292046928e-08 1.4135776340e+04 9.4967947648e-01 2.0000000000e-01 
2.5696062923e-09 1.7878309283e+04 8.5037517158e-01 2.0000000000e-01 
7.5533767380e-11 1.8161692973e+04 9.5784126110e-01 2.0000000000e-01 
2.0304419199e-09 1.4936558497e+04 4.3897984532e-01 2.0000000000e-01 
3.2970654004e-11 1.3729728330e+04 2.2442932675e-01 2.0000000000e-01 
1.1302191046e-08 1.5407925299e+04 4.9524323795e-01 2.0000000000e-01 
5.5012451527e-06 1.3770200526e+04 3.5706571209e-01 2.0000000000e-01 
3.8541156135e-09 1.1613437875e+04 6.5355512206e-01 2.0000000000e-01 
2.8747632815e-10 1.2314859844e+04 1.0728175822e+00 2.0000000000e-01 
9.4860498694e-08 1.9636359521e+04 2.1826447210e-01 2.0000000000e-01 
3.6386260714e-08 1.2342917543e+04 2.5470713722e-01 2.0000000000e-01 
1.3875109808e-08 1.4618267904e+04 6.2593821056e-01 2.0000000000e-01 
7.4819717766e-07 1.8176760920e+04 1.2858934000e+00 2.0000000000e-01 
8.1279290357e-09 1.7853524288e+04 4.4650420554e-01 2.0000000000e-01 
1.7775897068e-08 1.3141128697e+04 8.8380394042e-01 2.0000000000e-01 
2.0604975474e-09 1.4870278631e+04 9.7134726961e-01 2.0000000000e-01 
4.3671000522e-10 1.9785460649e+04 4.6022976592e-01 2.0000000000e-01 
2.1504707980e-05 1.9384613403e+04 7.9233693871e-01 2.0000000000e-01 
3.6877284341e-08 1.4295420822e+04 7.9700306820e-01 2.0000000000e-01 
3.8241615559e-08 1.5387153086e+04 7.5989768233e-01 2.0000000000e-01 
6.6385088248e-10 1.6686041389e+04 3.4054823998e-01 2.0000000000e-01 
2.1028476086e-06 1.7585081405e+04 1.2556303555e+00 2.0000000000e-01 
8.3772962125e-09 1.5009236731e+04 1.2121596336e+00 2.0000000000e-01 
1.8134468565e-10 1.2210701042e+04 7.7256234788e-01 2.0000000000e-01 
3.2493139529e-08 1.7570068865e+04 6.8227630809e-01 2.0000000000e-01 
1.4534988012e-09 1.2099093195e+04 3.2098094202e-01 2.0000000000e-01 
3.2490872627e-10 1.9452183288e+04 7.5539571096e-01 2.0000000000e-01 
1.4362021184e-09 1.5596416148e+04 9.8586622848e-01 2.0000000000e-01 
1.8914261234e-07 1.6965571350e+04 4.4925183338e-01 2.0000000000e-01 
3.7007896453e-09 1.9899487732e+04 3.2643239111e-01 2.0000000000e-01 
7.6730487271e-11 1.9267741933e+04 6.4329973375e-01 2.0000000000e-01 
5.6673473518e-10 1.1560300027e+04 2.5146174274e-01 2.0000000000e-01 
2.4181099571e-08 1.7561615773e+04 5.8117515827e-01 2.0000000000e-01 
2.2887923890e-08 1.8979815615e+04 8.9291783145e-01 2.0000000000e-01 
1.1276495362e-09 1.6704697776e+04 9.3063788586e-01 2.0000000000e-01 
1.5656068832e-09 1.5944490220e+04 1.4069770683e+00 2.0000000000e-01 
1.1712614722e-08 1.6385187856e+04 8.8239108244e-01 2.0000000000e-01 
6.0850327418e-10 1.9388068013e+04 2.1152753194e-01 2.0000000000e-01 
3.1150226926e-07 1.8792445714e+04 8.8478991909e-01 2.0000000000e-01 
9.6745509014e-06 1.2399161889e+04 1.7708683874e-01 2.0000000000e-01 
3.3756508855e-09 1.4534099231e+04 9.5674184860e-01 2.0000000000e-01 
1.9206091714e-09 1.8789135718e+04 5.4302503690e-01 2.0000000000e-01 
3.2339243206e-09 1.4827280348e+04 4.5599500600e-01 2.0000000000e-01 
1.5318489474e-09 1.8644343803e+04 9.4422449888e-01 2.0000000000e-01 
4.8159399923e-09 1.9466794126e+04 6.1807606446e-01 2.0000000000e-01 
1.2735957852e-09 1.4138281718e+04 9.3498380041e-01 2.0000000000e-01 
2.2689985658e-09 1.6403232848e+04 9.0177525311e-01 2.0000000000e-01 
6.3449895619e-09 1.9667996378e+04 2.5343950012e-01 2.0000000000e-01 
1.4508894849e-09 1.9681704779e+04 7.4284029622e-01 2.0000000000e-01 
1.1410105249e-07 1.2255761208e+04 5.9271673520e-01 2.0000000000e-01 
5.3409878619e-07 1.5802647356e+04 1.2227116002e+00 2.0000000000e-01 
1.5383335201e-08 1.3250525470e+04 1.0625610541e+00 2.0000000000e-01 
6.7243452583e-07 1.5984328213e+04 5.2355174818e-01 2.0000000000e-01 
5.0827806494e-08 1.7060642112e+04 7.4079415997e-01 2.0000000000e-01 
1.7465192419e-08 1.2452234445e+04 3.0931266556e-01 2.0000000000e-01 
2.9503911552e-07 1.8756156960e+04 1.1951954709e+00 2.0000000000e-01 
4.7018335912e-11 1.4546559609e+04 6.0568301903e-01 2.0000000000e-01 
7.6805563265e-09 1.9662304171e+04 1.1289047314e+00 2.0000000000e-01 
7.5666169560e-07 1.6255578057e+04 4.0546317070e-01 2.0000000000e-01 
5.3597616626e-11 1.7083782727e+04 2.2796137373e-01 2.0000000000e-01 
3.3924591568e-11 1.5065865186e+04 1.2493044954e+00 2.0000000000e-01 
8.1638024909e-07 1.4350817587e+04 1.1356362666e+00 2.0000000000e-01 
2.9320000000e-03 1.3890306656e+04 8.9870143205e-01 2.0000000000e-01 
8.3922462512e-11 1.9388625214e+04 7.2589931880e-01 2.0000000000e-01 
1.2549716418e-08 1.9091819048e+04 1.2217959631e+00 2.0000000000e-01 
3.8119375828e-09 1.8996952582e+04 5.9946591834e-01 2.0000000000e-01 
2.9320000000e-03 1.8638754741e+04 6.7586556962e-01 2.0000000000e-01 
2.3327254163e-08 1.3158482499e+04 2.3405362196e-01 2.0000000000e-01 
1.3933189790e-08 1.3203654481e+04 2.3417240709e-01 2.0000000000e-01 
1.2411463406e-08 1.7912552749e+04 1.1876426660e+00 2.0000000000e-01 
1.3782172007e-07 1.4879345322e+04 1.0024580799e+00 2.0000000000e-01 
2.8100276362e-07 1.1555042130e+04 1.0750993667e+00 2.0000000000e-01 
2.1827399752e-09 1.3963544927e+04 2.9900548792e-01 2.0000000000e-01 
1.9603168498e-09 1.1704360060e+04 1.1805301519e+00 2.0000000000e-01 
2.8306042039e-08 1.3555788245e+04 6.1940514336e-01 2.0000000000e-01 
5.1438019898e-10 1.5520282336e+04 8.1945552162e-01 2.0000000000e-01 
1.3743367391e-07 1.4939296783e+04 1.3137555207e+00 2.0000000000e-01 
1.0364052855e-06 1.5752597749e+04 5.3255795046e-01 2.0000000000e-01 
1.7834676982e-07 1.7047968812e+04 8.2594619774e-01 2.0000000000e-01 
1.6927285547e-08 1.7253092176e+04 1.1124765252e+00 2.0000000000e-01 
2.9320000000e-03 1.7867721388e+04 1.0809791498e+00 2.0000000000e-01 
2.7768647119e-05 1.9631088856e+04 1.0830026002e+00 2.0000000000e-01 
3.8832393802e-11 1.7517065185e+04 8.8778896300e-01 2.0000000000e-01 
1.2406245883e-04 1.8813045317e+04 4.2553544261e-01 2.0000000000e-01 
2.0294319570e-08 1.5689702038e+04 5.2377531967e-01 2.0000000000e-01 
1.1761773382e-07 1.3877476526e+04 1.3312590830e+00 2.0000000000e-01 
5.4088400421e-09 1.1566570898e+04 2.8152390690e-01 2.0000000000e-01 
2.5998992796e-05 1.4462184617e+04 1.3611783489e+00 2.0000000000e-01 
2.9320000000e-03 1.9361174473e+04 5.4700045251e-01 2.0000000000e-01 
4.2187136106e-05 1.5562030632e+04 6.8512393926e-01 2.0000000000e-01 
1.3811551059e-09 1.6556145942e+04 9.6603225995e-01 2.0000000000e-01 
1.4399475621e-07 1.9204499095e+04 7.5992188070e-01 2.0000000000e-01 
4.2881013985e-07 1.4793111356e+04 4.0454243662e-01 2.0000000000e-01 
3.3998761752e-09 1.5344790553e+04 1.2964747095e+00 2.0000000000e-01 
3.4151868839e-08 1.8212986924e+04 1.0498594802e+00 2.0000000000e-01 
1.5459712615e-09 1.6009739657e+04 4.0679696739e-01 2.0000000000e-01 
4.6997435943e-08 1.7427226335e+04 1.3396428979e+00 2.0000000000e-01 
7.6969902896e-09 1.9052362198e+04 5.0270689161e-01 2.0000000000e-01 
1.1814732599e-08 1.2663594002e+04 4.5282305891e-01 2.0000000000e-01 
2.9320000000e-03 1.8158634452e+04 1.1333722651e+00 2.0000000000e-01 
3.1486808855e-10 1.4312607695e+04 1.3499781990e+00 2.0000000000e-01 
5.7889447273e-08 1.7884128442e+04 4.7497122382e-01 2.0000000000e-01 
1.3621463819e-09 1.3901918209e+04 8.1375281077e-01 2.0000000000e-01 
2.2075638104e-10 1.3901736178e+04 3.1945845956e-01 2.0000000000e-01 
1.0581354821e-09 1.8331008368e+04 6.9500535347e-01 2.0000000000e-01 
3.3696878439e-05 1.6579713675e+04 6.1849947932e-01 2.0000000000e-01 
5.1585928674e-11 1.6563962450e+04 2.1970948223e-01 2.0000000000e-01 
2.9295550718e-06 1.4186792971e+04 1.1806488827e+00 2.0000000000e-01 
2.5678503848e-09 1.5244422858e+04 2.6748699842e-01 2.0000000000e-01 
7.9198283983e-09 1.8109763672e+04 5.7932107205e-01 2.0000000000e-01 
9.1249748350e-08 1.5792586610e+04 6.9869454717e-01 2.0000000000e-01 
5.1485451984e-09 1.2767337109e+04 8.6457198059e-01 2.0000000000e-01 
1.4070368899e-06 1.2174491787e+04 9.6941371812e-01 2.0000000000e-01 
7.6526673915e-09 1.3120296063e+04 8.6615056411e-01 2.0000000000e-01 
1.1649021363e-09 1.3864471174e+04 1.2476723476e+00 2.0000000000e-01 
4.9176547641e-09 1.2652602614e+04 1.3008964953e+00 2.0000000000e-01 
4.3565051149e-08 1.3137528300e+04 1.2808212417e+00 2.0000000000e-01 
4.1443499424e-08 1.2478892434e+04 8.3673551932e-01 2.0000000000e-01 
9.0170936432e-10 1.9530844760e+04 9.9351336972e-01 2.0000000000e-01 
7.3323880594e-10 1.4151926154e+04 4.4359694529e-01 2.0000000000e-01 
3.7587561961e-10 1.7864902401e+04 9.8044263053e-01 2.0000000000e-01 
2.4718125929e-10 1.8113119355e+04 8.8230365820e-01 2.0000000000e-01 
1.4989805090e-10 1.2190929090e+04 3.7919782223e-01 2.0000000000e-01 
1.1662759886e-09 1.2428252268e+04 6.6659335396e-01 2.0000000000e-01 
8.8837586111e-09 1.7895587480e+04 7.3105603610e-01 2.0000000000e-01 
3.4305368946e-09 1.6666602387e+04 1.1423316420e+00 2.0000000000e-01 
6.0037637320e-07 1.3076592051e+04 4.0765770044e-01 2.0000000000e-01 
6.6433477326e-09 1.7466874923e+04 6.9602113008e-01 2.0000000000e-01 
1.2681897790e-09 1.9811406821e+04 9.6241258081e-01 2.0000000000e-01 
1.3795248074e-09 1.7909893865e+04 8.9105015009e-01 2.0000000000e-01 
8.9738012702e-08 1.7693337315e+04 4.7651092718e-01 2.0000000000e-01 
2.9320000000e-03 1.8827172903e+04 1.0216835397e+00 2.0000000000e-01 
2.9320000000e-03 1.6066211410e+04 4.8635424473e-01 2.0000000000e-01 
1.7094451058e-08 1.8410366473e+04 1.5006983952e+00 2.0000000000e-01 
2.6692148874e-08 1.2184462360e+04 5.6789641332e-01 2.0000000000e-01 
5.0312298466e-09 1.6273891871e+04 9.2782655437e-01 2.0000000000e-01 
3.2708508477e-08 1.7229704208e+04 7.8455762027e-01 2.0000000000e-01 
9.1864101345e-07 1.7249597229e+04 5.3580319644e-01 2.0000000000e-01 
1.6666837446e-09 1.1530793145e+04 1.3336899015e+00 2.0000000000e-01 
1.3551383180e-07 1.7822793667e+04 9.2213201865e-01 2.0000000000e-01 
2.6514402311e-08 1.6747302230e+04 6.3945411771e-01 2.0000000000e-01 
2.6136611051e-07 1.3364352215e+04 8.6428153049e-01 2.0000000000e-01 
1.2815352084e-07 1.3171518129e+04 1.0692195632e-01 2.0000000000e-01 
1.5458511359e-10 1.7757290453e+04 1.2605439525e+00 2.0000000000e-01 
2.9320000000e-03 1.9358654454e+04 6.6970369250e-01 2.0000000000e-01 
4.1761239604e-09 1.5592726655e+04 8.8370901631e-01 2.0000000000e-01 
3.2087435424e-11 1.8249072863e+04 7.3789806078e-01 2.0000000000e-01 
5.7741659448e-05 1.4245465884e+04 1.3675414046e+00 2.0000000000e-01 
4.8599697398e-08 1.4080038660e+04 4.6868594080e-01 2.0000000000e-01 
2.1269424653e-05 1.5917648860e+04 1.1345040859e+00 2.0000000000e-01 
1.0997017396e-07 1.7209589332e+04 1.1536724077e+00 2.0000000000e-01 
1.4431360671e-10 1.2036936107e+04 1.1700185437e+00 2.0000000000e-01 
5.9248728560e-09 1.3523239585e+04 7.9496254116e-01 2.0000000000e-01 
1.1770578976e-09 1.7299251202e+04 9.5995539105e-01 2.0000000000e-01 
5.5327775906e-10 1.4363110021e+04 4.9678337494e-01 2.0000000000e-01 
2.2784426177e-07 1.4705463994e+04 1.0340275583e+00 2.0000000000e-01 
1.7956391590e-10 1.1630060006e+04 9.6203377288e-01 2.0000000000e-01 
3.1312110494e-11 1.7935090537e+04 7.3480456665e-01 2.0000000000e-01 
6.1661184128e-08 1.8006606008e+04 1.1121623799e+00 2.0000000000e-01 
5.1437573230e-05 1.8323666340e+04 1.2042992836e+00 2.0000000000e-01 
4.3021607572e-08 1.5360365746e+04 1.3946049537e+00 2.0000000000e-01 
1.4556795047e-09 1.9694432964e+04 5.2091436583e-01 2.0000000000e-01 
1.2442872589e-10 1.8949552852e+04 1.3469095613e+00 2.0000000000e-01 
1.7362545855e-08 1.8395298630e+04 1.2778247262e+00 2.0000000000e-01 
6.7371557068e-08 1.9706518006e+04 6.1108777782e-01 2.0000000000e-01 
1.0669448816e-07 1.9816661070e+04 6.9191605768e-01 2.0000000000e-01 
4.1994814654e-08 1.5340184785e+04 7.7336632059e-01 2.0000000000e-01 
1.0444393109e-07 1.4917803789e+04 3.4515057670e-01 2.0000000000e-01 
6.2490219929e-10 1.1448565091e+04 1.0344549853e+00 2.0000000000e-01 
2.9320000000e-03 1.8055741823e+04 6.9956489163e-01 2.0000000000e-01 
1.5216767622e-07 1.9955338591e+04 9.9815305632e-01 2.0000000000e-01 
5.2009496600e-11 1.5466354305e+04 7.2925742477e-01 2.0000000000e-01 
4.4545873848e-08 1.3479157760e+04 7.2723150103e-01 2.0000000000e-01 
1.9972077942e-05 1.4524453261e+04 1.1862307777e-01 2.0000000000e-01 
1.1218235746e-09 1.2183776307e+04 1.0441445491e+00 2.0000000000e-01 
3.1944157614e-08 1.8366626688e+04 2.9654402560e-01 2.0000000000e-01 
1.0434549087e-08 1.7012273502e+04 8.1708354124e-02 2.0000000000e-01 
3.9563350564e-09 1.5703396099e+04 2.4284114118e-01 2.0000000000e-01 
1.2577802665e-04 1.3718012345e+04 6.7174895093e-01 2.0000000000e-01 
3.7786630977e-08 1.5384581165e+04 8.8989380655e-01 2.0000000000e-01 
3.8910252544e-06 1.6572128089e+04 7.7700022247e-01 2.0000000000e-01 
9.3256708355e-10 1.9035150834e+04 3.3443353523e-01 2.0000000000e-01 
3.6116719460e-10 1.2141800107e+04 9.0984960174e-01 2.0000000000e-01 
2.3467304278e-06 1.5640276235e+04 9.1951274219e-01 2.0000000000e-01 
6.8853456575e-11 1.3533985861e+04 1.2470888019e+00 2.0000000000e-01 
5.6977127146e-09 1.6547401075e+04 9.2774824587e-01 2.0000000000e-01 
4.1720214843e-09 1.9133786975e+04 1.1407096856e+00 2.0000000000e-01 
9.7195169317e-10 1.8436466679e+04 1.3892970161e+00 2.0000000000e-01 
2.3063322267e-08 1.6806331248e+04 5.2512108044e-01 2.0000000000e-01 
5.3026024416e-09 1.5565369883e+04 7.0743557631e-01 2.0000000000e-01 
1.1709088654e-08 1.6828422557e+04 8.2148657852e-01 2.0000000000e-01 
1.0450992644e-06 1.4101428155e+04 1.3309877379e+00 2.0000000000e-01 
1.5760432562e-08 1.4990100564e+04 7.1300850054e-01 2.0000000000e-01 
4.6092586094e-08 1.4631856331e+04 2.2632234843e-01 2.0000000000e-01 
1.2883163856e-07 1.3680708248e+04 8.8871529000e-01 2.0000000000e-01 
5.4094394375e-07 1.2973063573e+04 1.3067326961e+00 2.0000000000e-01 
1.6409105962e-06 1.9109034723e+04 1.0499997520e+00 2.0000000000e-01 
1.1797390681e-09 1.8922467761e+04 6.9766273339e-01 2.0000000000e-01 
1.3332208305e-09 1.9482056398e+04 8.2683713043e-03 2.0000000000e-01 
2.9050702262e-08 1.8689309054e+04 7.1441031374e-01 2.0000000000e-01 
8.6336077292e-09 1.2151005762e+04 8.4748639570e-01 2.0000000000e-01 
2.2794670879e-08 1.9133468186e+04 3.1736757071e-01 2.0000000000e-01 
6.1738009837e-10 1.9425888737e+04 1.1219623023e+00 2.0000000000e-01 
3.5807385441e-07 1.4011565706e+04 1.2100672056e+00 2.0000000000e-01 
5.8726262172e-06 1.4673194666e+04 5.0046664947e-01 2.0000000000e-01 
9.0698052507e-07 1.9514358437e+04 1.5139708658e-01 2.0000000000e-01 
2.5033650889e-08 1.4381597533e+04 6.6979019356e-01 2.0000000000e-01 
1.6006993336e-09 1.8544972132e+04 8.4174177324e-01 2.0000000000e-01 
2.0204377239e-08 1.5374927436e+04 1.0739356899e+00 2.0000000000e-01 
5.4528240444e-07 1.9988087397e+04 5.9958544518e-01 2.0000000000e-01 
5.7323296966e-11 1.2623748923e+04 1.3102603390e+00 2.0000000000e-01 
8.1848432032e-09 1.6593872254e+04 9.2714765834e-01 2.0000000000e-01 
1.7678924562e-06 1.8578979597e+04 1.3429170762e+00 2.0000000000e-01 
1.6496356022e-09 1.7315617144e+04 5.1412088379e-01 2.0000000000e-01 
4.6049615480e-10 1.6566555722e+04 1.0215323247e+00 2.0000000000e-01 
4.0373179242e-07 1.3517214290e+04 7.7405505342e-01 2.0000000000e-01 
5.1658964867e-06 1.9468431369e+04 1.0257877811e+00 2.0000000000e-01 
1.0535075050e-09 1.3656375341e+04 1.3092418793e+00 2.0000000000e-01 
2.0858269998e-08 1.7753173419e+04 8.2545170296e-01 2.0000000000e-01 
5.9616387482e-08 1.5604346951e+04 1.0568944156e+00 2.0000000000e-01 
3.9173406537e-11 1.9143129952e+04 2.4059455549e-01 2.0000000000e-01 
8.4213705298e-09 1.3838986433e+04 6.2601163061e-01 2.0000000000e-01 
1.8537163446e-09 1.2371736820e+04 6.5013740897e-01 2.0000000000e-01 
2.3464712393e-06 1.8490686612e+04 1.0337219855e+00 2.0000000000e-01 
5.8869320236e-09 1.6950788381e+04 1.1795690726e+00 2.0000000000e-01 
8.5238522670e-11 1.5787431955e+04 9.4698700049e-01 2.0000000000e-01 
3.3316321622e-10 1.5187566958e+04 1.3237670793e-01 2.0000000000e-01 
6.2417641561e-08 1.6180081037e+04 1.3553506730e+00 2.0000000000e-01 
7.6785901587e-09 1.1724722467e+04 7.0633228523e-01 2.0000000000e-01 
6.2518834424e-09 1.8385559646e+04 1.0068456251e+00 2.0000000000e-01 
1.9858144600e-06 1.1722802392e+04 9.5712715266e-01 2.0000000000e-01 
2.9080329601e-09 1.4006480717e+04 8.4017032236e-01 2.0000000000e-01 
3.3542826754e-10 1.3354477238e+04 1.0904164662e+00 2.0000000000e-01 
2.3687312202e-11 1.6777622053e+04 6.7411442807e-01 2.0000000000e-01 
3.1967796599e-09 1.6990613832e+04 1.1202284981e+00 2.0000000000e-01 
2.9320000000e-03 1.9885459665e+04 4.2767573457e-01 2.0000000000e-01 
9.0632723924e-09 1.4597288946e+04 3.9598689340e-01 2.0000000000e-01 
1.4917616300e-09 1.8808476620e+04 5.0342749601e-01 2.0000000000e-01 
4.0175387346e-11 1.3955281636e+04 6.5656489796e-01 2.0000000000e-01 
3.9264178505e-06 1.9332817323e+04 3.1908787303e-01 2.0000000000e-01 
4.6795119036e-09 1.7931695192e+04 7.5062750818e-01 2.0000000000e-01 
1.3304904326e-09 1.3028734102e+04 7.8805065671e-01 2.0000000000e-01 
4.5458544516e-09 1.3264383523e+04 1.1416328970e-01 2.0000000000e-01 
2.0563002003e-09 1.8736610216e+04 8.7449235928e-01 2.0000000000e-01 
1.9413957751e-10 1.2924453417e+04 5.4176268238e-01 2.0000000000e-01 
1.2431048788e-08 1.3411176559e+04 4.3561728245e-01 2.0000000000e-01 
4.6775976701e-11 1.8411832775e+04 1.4891009533e+00 2.0000000000e-01 
2.9320000000e-03 1.3061631447e+04 5.2063765516e-01 2.0000000000e-01 
1.9236328125e-09 1.7865257233e+04 9.1792833630e-01 2.0000000000e-01 
9.2546449658e-07 1.2221062371e+04 7.9383063784e-01 2.0000000000e-01 
3.4751325188e-09 1.9219048151e+04 1.0345968109e+00 2.0000000000e-01 
6.5621362621e-07 1.1313392524e+04 7.2829473994e-01 2.0000000000e-01 
1.8651591445e-10 1.3209410849e+04 6.5797382542e-01 2.0000000000e-01 
8.2667024984e-10 1.5437245318e+04 3.6486906555e-01 2.0000000000e-01 
6.7008864204e-11 1.5009050502e+04 9.7205835159e-01 2.0000000000e-01 
1.1392079174e-05 1.7269348918e+04 1.3084315637e+00 2.0000000000e-01 
5.6895659866e-06 1.7823234301e+04 4.3613793775e-01 2.0000000000e-01 
2.4190506607e-07 1.7753033041e+04 4.8814929044e-01 2.0000000000e-01 
4.4414982656e-09 1.9946087720e+04 1.4639309706e+00 2.0000000000e-01 
9.8908837512e-08 1.3683642594e+04 5.0048947811e-01 2.0000000000e-01 
2.9320000000e-03 1.1531840058e+04 7.3943799151e-01 2.0000000000e-01 
3.5934334342e-09 1.7349518538e+04 8.8740736245e-01 2.0000000000e-01 
2.9416167026e-10 1.2398246174e+04 2.4720788543e-01 2.0000000000e-01 
4.3112206969e-08 1.4386938799e+04 8.2801906062e-01 2.0000000000e-01 
1.9869123884e-10 1.4974731581e+04 1.1085409104e+00 2.0000000000e-01 
1.4681053130e-06 1.1655822345e+04 5.8390004434e-01 2.0000000000e-01 
1.1415294690e-09 1.2588725574e+04 2.4077404192e-01 2.0000000000e-01 
1.1298758433e-07 1.1790927514e+04 1.0216411232e+00 2.0000000000e-01 
3.3783886094e-08 1.6020727420e+04 4.7522882489e-01 2.0000000000e-01 
3.3359144109e-09 1.3683747088e+04 4.4539112133e-01 2.0000000000e-01 
1.3250078954e-06 1.2499034456e+04 1.2690313133e+00 2.0000000000e-01 
2.9320000000e-03 1.5783881656e+04 6.0669106728e-01 2.0000000000e-01 
4.3033683121e-09 1.8695759341e+04 9.9879596742e-01 2.0000000000e-01 
2.1281844675e-08 1.1293828066e+04 5.0751509136e-01 2.0000000000e-01 
7.6955047951e-08 1.8561409252e+04 6.7591626170e-01 2.0000000000e-01 
7.5913473411e-11 1.8036548824e+04 3.8639897229e-01 2.0000000000e-01 
2.9320000000e-03 1.1534428507e+04 9.7137371078e-01 2.0000000000e-01 
4.0283396262e-09 1.7848936598e+04 4.9411349769e-01 2.0000000000e-01 
1.0273570296e-09 1.9115236815e+04 1.1527120374e+00 2.0000000000e-01 
5.5259233025e-10 1.3111686452e+04 5.4782102775e-01 2.0000000000e-01 
3.8884289250e-11 1.3816265133e+04 1.1915972212e-01 2.0000000000e-01 
8.2424070004e-07 1.3281516702e+04 1.2522181714e+00 2.0000000000e-01 
8.4960927948e-08 1.8354857506e+04 8.3114156274e-01 2.0000000000e-01 
5.9029898401e-08 1.9137509791e+04 1.4975604580e+00 2.0000000000e-01 
2.5884006495e-05 1.9057996255e+04 8.7753812100e-01 2.0000000000e-01 
2.9320000000e-03 1.6630473358e+04 9.2514867741e-01 2.0000000000e-01 
6.0375046639e-08 1.4108523699e+04 3.6591883203e-01 2.0000000000e-01 
1.7892227231e-06 1.3030630955e+04 6.6785008610e-01 2.0000000000e-01 
1.2547013074e-08 1.3605089969e+04 1.3100031480e+00 2.0000000000e-01 
1.6210248590e-06 1.4622527710e+04 1.0219901509e+00 2.0000000000e-01 
3.9475119683e-09 1.9409783973e+04 6.7985706998e-01 2.0000000000e-01 
2.0547627789e-10 1.8927365662e+04 5.8902742528e-01 2.0000000000e-01 
1.4718656947e-10 1.5176127337e+04 9.9586624026e-01 2.0000000000e-01 
8.0104343051e-10 1.2382573288e+04 1.1701203670e+00 2.0000000000e-01 
1.9302980355e-09 1.4339330051e+04 8.6395748060e-01 2.0000000000e-01 
8.1118757854e-10 1.2704025852e+04 6.4891533431e-01 2.0000000000e-01 
5.4947009302e-08 1.4250708528e+04 7.1819473513e-01 2.0000000000e-01 
8.9386664306e-10 1.5144049123e+04 3.0278708864e-01 2.0000000000e-01 
1.6657185725e-09 1.1786592919e+04 1.2845327410e+00 2.0000000000e-01 
2.5335260877e-08 1.6105053417e+04 5.9729389465e-01 2.0000000000e-01 
8.5529381128e-07 1.3617405764e+04 4.0294429858e-01 2.0000000000e-01 
2.0978917683e-06 1.4113750211e+04 1.3256047574e+00 2.0000000000e-01 
1.9604706227e-07 1.6078492498e+04 5.3454463197e-01 2.0000000000e-01 
2.8612176032e-09 1.7272327654e+04 1.1108420029e+00 2.0000000000e-01 
5.1990721806e-09 1.5396479049e+04 1.2816978839e+00 2.0000000000e-01 
4.1668956926e-07 1.6248491088e+04 4.1951938111e-01 2.0000000000e-01 
3.8979000111e-06 1.2827764702e+04 8.6311528769e-01 2.0000000000e-01 
3.0577586861e-06 1.8374937476e+04 1.2442864849e+00 2.0000000000e-01 
4.9259500458e-09 1.1529324818e+04 1.7317766120e-01 2.0000000000e-01 
4.7941078614e-11 1.5125801229e+04 9.4683583868e-01 2.0000000000e-01 
2.4596530357e-07 1.5649867893e+04 2.2080922304e-01 2.0000000000e-01 
7.6174645370e-10 1.5014403702e+04 4.6913830885e-01 2.0000000000e-01 
2.6657552483e-07 1.6491874649e+04 1.1103896874e+00 2.0000000000e-01 
6.0917069400e-10 1.8394044142e+04 7.6039126336e-01 2.0000000000e-01 
3.8703948644e-07 1.1286868266e+04 1.0783304773e+00 2.0000000000e-01 
6.4583633602e-07 1.5629275200e+04 9.1599486871e-01 2.0000000000e-01 
1.6956651465e-09 1.9277640493e+04 3.5484538113e-01 2.0000000000e-01 
8.4137191861e-09 1.4382303899e+04 7.9231693212e-01 2.0000000000e-01 
2.2272319732e-08 1.1493366593e+04 5.5068958611e-01 2.0000000000e-01 
7.8416582406e-08 1.7737518769e+04 8.4698619786e-01 2.0000000000e-01 
2.1923683911e-10 1.4817031933e+04 6.8806955504e-01 2.0000000000e-01 
1.2167818365e-06 1.1861190940e+04 1.2107382308e+00 2.0000000000e-01 
2.9320000000e-03 1.6473605460e+04 2.2480434084e-01 2.0000000000e-01 
2.1360851313e-09 1.2699840494e+04 4.4787551508e-01 2.0000000000e-01 
6.3049860224e-10 1.8602604698e+04 1.4253814921e+00 2.0000000000e-01 
4.0458744252e-08 1.3488961475e+04 6.7086138009e-01 2.0000000000e-01 
2.3411261312e-09 1.7836258661e+04 1.0372278251e+00 2.0000000000e-01 
1.7922114437e-06 1.3141318840e+04 1.1388489192e+00 2.0000000000e-01 
2.6666338553e-10 1.8661875916e+04 4.6275302535e-01 2.0000000000e-01 
2.6914528016e-08 1.7663183860e+04 1.3402330372e+00 2.0000000000e-01 
2.1035074729e-08 1.2883532516e+04 6.9663081464e-01 2.0000000000e-01 
4.3581330525e-09 1.3449437766e+04 1.0032906824e+00 2.0000000000e-01 
5.9869528940e-08 1.3176427169e+04 6.4688867666e-01 2.0000000000e-01 
2.4887063712e-10 1.1552306937e+04 9.4070536927e-01 2.0000000000e-01 
1.1605706308e-08 1.9506071301e+04 4.4915157900e-01 2.0000000000e-01 
5.0753144270e-06 1.3845642366e+04 5.7245598116e-01 2.0000000000e-01 
2.2940567488e-08 1.5696935145e+04 1.2426785775e+00 2.0000000000e-01 
6.7539775628e-08 1.7581311264e+04 1.2342711620e+00 2.0000000000e-01 
3.8573823124e-09 1.2969044448e+04 1.4765885351e+00 2.0000000000e-01 
2.2027892627e-09 1.3686870757e+04 2.7357502359e-01 2.0000000000e-01 
9.7496403506e-11 1.4345556005e+04 1.1202099693e+00 2.0000000000e-01 
9.1585811758e-11 1.2932022737e+04 5.5893586203e-01 2.0000000000e-01 
2.9283802000e-09 1.1569098525e+04 8.1621190223e-01 2.0000000000e-01 
3.7277179802e-08 1.1947476447e+04 2.7931970690e-01 2.0000000000e-01 
2.9320000000e-03 1.1752042475e+04 4.1963426149e-01 2.0000000000e-01 
5.7994978657e-08 1.9979567996e+04 5.8032120173e-01 2.0000000000e-01 
2.1593624141e-07 1.1210104199e+04 9.9676755053e-01 2.0000000000e-01 
2.9011794102e-10 1.8155787390e+04 6.6410857637e-01 2.0000000000e-01 
1.4647380822e-06 1.9537024287e+04 5.8091440415e-01 2.0000000000e-01 
3.0767857129e-08 1.1352774475e+04 8.3196059023e-01 2.0000000000e-01 
2.9320000000e-03 1.8565556288e+04 1.3569156019e+00 2.0000000000e-01 
3.3926051541e-10 1.2520078758e+04 1.2982190653e+00 2.0000000000e-01 
2.7763855154e-09 1.9375841727e+04 7.6374425456e-01 2.0000000000e-01 
1.0198089557e-06 1.8082156202e+04 8.9390313166e-01 2.0000000000e-01 
1.2271934816e-10 1.6576984697e+04 4.8137325038e-01 2.0000000000e-01 
7.8006633627e-07 1.6233761207e+04 3.4473229963e-01 2.0000000000e-01 
2.0529577184e-08 1.4080165204e+04 7.1530939449e-01 2.0000000000e-01 
1.1334903182e-09 1.9026795536e+04 1.9862128242e-01 2.0000000000e-01 
1.8337522136e-10 1.6160024003e+04 1.2773134056e+00 2.0000000000e-01 
1.2835756764e-10 1.8596201960e+04 4.9125647527e-01 2.0000000000e-01 
3.0372784658e-07 1.7575638940e+04 4.6522781150e-01 2.0000000000e-01 
5.8178590275e-09 1.6721697563e+04 9.4486455596e-01 2.0000000000e-01 
1.3215367489e-09 1.1289118481e+04 1.9853348735e-01 2.0000000000e-01 
2.7598176585e-10 1.5558158053e+04 1.3967813125e-01 2.0000000000e-01 
1.0276102875e-10 1.1309377202e+04 9.4876638713e-01 2.0000000000e-01 
5.7940794918e-09 1.7973872356e+04 1.2190223679e+00 2.0000000000e-01 
7.9180845350e-08 1.6669990007e+04 6.1991877626e-01 2.0000000000e-01 
7.3541334399e-09 1.6226790055e+04 5.7239367787e-01 2.0000000000e-01 
1.4590016775e-09 1.1557858267e+04 1.3030049232e+00 2.0000000000e-01 
5.8457051557e-09 1.4407893196e+04 2.8803689395e-01 2.0000000000e-01 
5.2543776588e-08 1.4007695838e+04 8.5135332017e-01 2.0000000000e-01 
4.3233107989e-10 1.9129628780e+04 1.2549715324e+00 2.0000000000e-01 
1.2991731305e-10 1.4189575567e+04 1.1988430933e+00 2.0000000000e-01 
1.9214255535e-08 1.3818127830e+04 1.1871320686e+00 2.0000000000e-01 
1.2667144636e-10 1.7792728665e+04 7.9105505353e-01 2.0000000000e-01 
1.2579767739e-09 1.1632097631e+04 7.9911826134e-01 2.0000000000e-01 
2.1318649427e-09 1.7150906341e+04 8.4689230859e-01 2.0000000000e-01 
1.2207546186e-05 1.6511335716e+04 9.5873064601e-01 2.0000000000e-01 
5.0626753220e-10 1.3341979197e+04 8.9127425136e-01 2.0000000000e-01 
6.1336197391e-09 1.2127718152e+04 1.1350053380e+00 2.0000000000e-01 
1.4554247371e-10 1.5243720099e+04 6.4532804934e-01 2.0000000000e-01 
2.5437404649e-07 1.8903443492e+04 7.4439308955e-01 2.0000000000e-01 
1.0218311488e-05 1.3879231168e+04 4.9320773337e-01 2.0000000000e-01 
6.5264269447e-08 1.9822699398e+04 1.2035070393e+00 2.0000000000e-01 
2.9320000000e-03 1.8288839581e+04 6.8642923061e-01 2.0000000000e-01 
7.1608447417e-10 1.5799383135e+04 6.1375957217e-01 2.0000000000e-01 
4.3819338163e-10 1.8678099542e+04 1.5452833609e+00 2.0000000000e-01 
1.4739582816e-09 1.6742521984e+04 3.5549366687e-01 2.0000000000e-01 
6.8854684245e-07 1.6039802943e+04 9.3875898892e-01 2.0000000000e-01 
3.6629512816e-08 1.3404670169e+04 8.3883115491e-01 2.0000000000e-01 
9.9333827073e-07 1.1295243324e+04 3.5659102118e-01 2.0000000000e-01 
2.6624541734e-10 1.2916496535e+04 4.1557188341e-01 2.0000000000e-01 
1.8461814590e-04 1.8804757022e+04 1.1047886252e+00 2.0000000000e-01 
2.4625056758e-08 1.9382727107e+04 3.3396004277e-01 2.0000000000e-01 
1.4851596929e-08 1.3068355570e+04 3.4704529083e-01 2.0000000000e-01 
2.9599578903e-08 1.3144770726e+04 4.8439917387e-01 2.0000000000e-01 
1.4434811897e-08 1.3464871996e+04 8.6084562420e-01 2.0000000000e-01 
1.3427538898e-10 1.8840789866e+04 1.1242403375e+00 2.0000000000e-01 
3.8879496684e-08 1.5430435815e+04 6.0530535288e-01 2.0000000000e-01 
2.4833652206e-08 1.3358106417e+04 1.0672484155e+00 2.0000000000e-01 
1.4788780200e-06 1.5964340638e+04 9.6849962776e-01 2.0000000000e-01 
4.4616196835e-08 1.5016013817e+04 5.7048594603e-01 2.0000000000e-01 
2.0964333008e-09 1.8234173367e+04 7.1975445664e-01 2.0000000000e-01 
3.2707961520e-08 1.3375573642e+04 8.9929253879e-01 2.0000000000e-01 
3.7473059321e-11 1.6600892711e+04 7.7796360070e-01 2.0000000000e-01 
9.4387682693e-10 1.2275733550e+04 7.9753935801e-01 2.0000000000e-01 
5.0709680554e-07 1.2744626596e+04 5.1641589310e-01 2.0000000000e-01 
1.0511549026e-10 1.7459238558e+04 6.0161574418e-01 2.0000000000e-01 
9.2794767868e-10 1.2477934591e+04 1.1484463937e+00 2.0000000000e-01 
5.3933142732e-08 1.2549400210e+04 1.2045691356e-01 2.0000000000e-01 
4.9323215559e-10 1.2130372355e+04 5.0171777109e-01 2.0000000000e-01 
1.0216130726e-05 1.4855221940e+04 9.8779121598e-01 2.0000000000e-01 
1.7665845466e-05 1.4267083901e+04 8.1306319243e-01 2.0000000000e-01 
1.9195261591e-08 1.8128474004e+04 8.0062807605e-01 2.0000000000e-01 
3.6973510576e-07 1.8131072813e+04 6.7618096351e-01 2.0000000000e-01 
7.3529170777e-09 1.7716280468e+04 1.0092579836e+00 2.0000000000e-01 
7.3596492250e-10 1.4860439312e+04 1.2833004994e+00 2.0000000000e-01 
2.9320000000e-03 1.7892906597e+04 8.6205945705e-01 2.0000000000e-01 
4.8443021089e-09 1.6241191509e+04 6.1061908480e-01 2.0000000000e-01 
8.7245621429e-09 1.8637490142e+04 4.2864524420e-01 2.0000000000e-01 
1.3738713312e-09 1.9338242596e+04 1.2397827169e+00 2.0000000000e-01 
2.0004041144e-09 1.9000583273e+04 5.6548148957e-01 2.0000000000e-01 
1.1924670949e-10 1.8241220449e+04 4.2425430708e-01 2.0000000000e-01 
2.9320000000e-03 1.9559405868e+04 5.2400135846e-02 2.0000000000e-01 
2.6892354580e-11 1.6488018117e+04 1.0981429648e+00 2.0000000000e-01 
1.4783479838e-08 1.6069257947e+04 8.4108524940e-01 2.0000000000e-01 
2.7766244474e-10 1.1521148358e+04 3.5169104434e-01 2.0000000000e-01 
3.3781929371e-11 1.4855435554e+04 7.9125764139e-01 2.0000000000e-01 
1.8883587207e-06 1.8861952898e+04 7.6442571407e-01 2.0000000000e-01 
3.0605570536e-05 1.7166861331e+04 6.1248946611e-01 2.0000000000e-01 
1.7797359951e-05 1.6976538013e+04 1.4301492752e+00 2.0000000000e-01 
8.7689965000e-10 1.4916882060e+04 2.5484083844e-01 2.0000000000e-01 
4.4090402736e-11 1.6000003901e+04 5.0802611834e-01 2.0000000000e-01 
4.5798586025e-08 1.5787572752e+04 1.1832173093e-01 2.0000000000e-01 
2.0035920689e-04 1.6543291573e+04 7.9991859142e-01 2.0000000000e-01 
2.7330339851e-09 1.4402249639e+04 8.3430654438e-01 2.0000000000e-01 
3.0438974174e-07 1.9296404186e+04 2.3563379779e-01 2.0000000000e-01 
1.9437451386e-07 1.8942106382e+04 4.4492108790e-01 2.0000000000e-01 
6.2215691990e-06 1.1961126075e+04 1.0891655287e+00 2.0000000000e-01 
2.9320000000e-03 1.7084796159e+04 4.9860238170e-01 2.0000000000e-01 
1.3409702144e-09 1.1850553221e+04 1.0514909957e+00 2.0000000000e-01 
8.2018416427e-10 1.8872727300e+04 5.4840189159e-01 2.0000000000e-01 
1.2900597472e-09 1.3793022307e+04 3.8228538589e-01 2.0000000000e-01 
1.8811149248e-08 1.2500411364e+04 6.2743612882e-01 2.0000000000e-01 
1.5781046742e-08 1.7640520356e+04 5.0143634102e-01 2.0000000000e-01 
9.0575494839e-08 1.1286705610e+04 1.4776387395e+00 2.0000000000e-01 
2.9036245180e-10 1.1212751978e+04 1.4665226619e+00 2.0000000000e-01 
2.6864258542e-07 1.4324721078e+04 3.3020902115e-01 2.0000000000e-01 
2.4707598008e-11 1.3739197485e+04 1.0549659973e+00 2.0000000000e-01 
1.0560356917e-05 1.6872298369e+04 4.3302703992e-01 2.0000000000e-01 
4.6132846139e-07 1.2730185695e+04 9.9039202386e-01 2.0000000000e-01 
3.1642738548e-08 1.2803057700e+04 1.1280032264e+00 2.0000000000e-01 
8.0731455568e-09 1.3777219684e+04 4.3065813986e-01 2.0000000000e-01 
6.4132315749e-10 1.6537459480e+04 1.3595637598e+00 2.0000000000e-01 
3.3420476103e-06 1.3525926587e+04 8.6899051061e-01 2.0000000000e-01 
1.5534910544e-07 1.4507870536e+04 4.0268552555e-01 2.0000000000e-01 
4.6988146856e-11 1.2713873016e+04 1.2158706170e+00 2.0000000000e-01 
8.4452148996e-10 1.5089575542e+04 5.0390180989e-01 2.0000000000e-01 
2.7049630657e-06 1.4573818449e+04 1.0796600241e+00 2.0000000000e-01 
1.5814163543e-05 1.9672501895e+04 1.0652344588e+00 2.0000000000e-01 
2.9320000000e-03 1.6529239118e+04 4.8018622700e-01 2.0000000000e-01 
1.7255345467e-08 1.9516383044e+04 2.7277509230e-01 2.0000000000e-01 
3.6744052108e-10 1.8361217500e+04 1.4577169148e-01 2.0000000000e-01 
3.9151176711e-08 1.4409352021e+04 1.3417216857e+00 2.0000000000e-01 
1.2636569735e-10 1.5032054603e+04 7.0537487538e-01 2.0000000000e-01 
1.2356364074e-07 1.9543938805e+04 1.4838066336e+00 2.0000000000e-01 
1.8643741642e-04 1.4016014138e+04 7.0590025031e-01 2.0000000000e-01 
1.2868807432e-06 1.4749210871e+04 4.7887273132e-01 2.0000000000e-01 
2.6514559068e-09 1.5809286583e+04 6.1873417954e-01 2.0000000000e-01 
1.9371977000e-07 1.7898735552e+04 6.1134881532e-01 2.0000000000e-01 
1.9472220407e-05 1.8724110698e+04 5.5727256261e-01 2.0000000000e-01 
1.2086954916e-08 1.6110486834e+04 9.6052634318e-01 2.0000000000e-01 
1.4081032305e-06 1.3515613856e+04 8.1328958925e-01 2.0000000000e-01 
1.2922202837e-10 1.7537679590e+04 6.4530934823e-01 2.0000000000e-01 
1.9633741499e-08 1.5454621825e+04 6.5422222234e-01 2.0000000000e-01 
6.2040132090e-10 1.3784956248e+04 8.3916961004e-01 2.0000000000e-01 
7.1803552103e-10 1.3690440149e+04 2.4927356269e-01 2.0000000000e-01 
1.2008333375e-08 1.9956455479e+04 9.9467285318e-01 2.0000000000e-01 
5.0123241014e-08 1.5901110829e+04 1.5638922573e-01 2.0000000000e-01 
1.7180902523e-09 1.6124227170e+04 1.8178461306e-01 2.0000000000e-01 
5.1641803171e-10 1.7616548881e+04 4.8249873604e-01 2.0000000000e-01 
5.6869515168e-08 1.3634070886e+04 3.9494616135e-01 2.0000000000e-01 
9.8371168925e-08 1.5389740150e+04 1.2528599638e+00 2.0000000000e-01 
1.9263789831e-08 1.7005276067e+04 8.8763747780e-01 2.0000000000e-01 
3.5356966199e-09 1.2381810181e+04 1.1278474634e+00 2.0000000000e-01 
3.2364102432e-08 1.5880799269e+04 8.7594683861e-01 2.0000000000e-01 
2.0522342962e-08 1.7409981001e+04 4.4335013606e-01 2.0000000000e-01 
7.8806421920e-08 1.6704620500e+04 1.0373179740e+00 2.0000000000e-01 
2.9320000000e-03 1.5291566186e+04 1.0435141156e+00 2.0000000000e-01 
1.0038314387e-10 1.2403163923e+04 1.0300060207e+00 2.0000000000e-01 
2.7508526394e-05 1.9697552506e+04 7.6030825400e-01 2.0000000000e-01 
7.3196335749e-10 1.7299538028e+04 8.5570838523e-01 2.0000000000e-01 
5.1267300324e-06 1.8506584904e+04 1.0652988691e+00 2.0000000000e-01 
9.4806500357e-05 1.2858665506e+04 1.2280231882e+00 2.0000000000e-01 
1.0939629147e-08 1.7787607501e+04 4.3988079399e-01 2.0000000000e-01 
1.3242489087e-09 1.8294263640e+04 4.1430494535e-01 2.0000000000e-01 
4.7124105089e-11 1.7884762417e+04 1.2315235170e+00 2.0000000000e-01 
8.2958749619e-11 1.8802784811e+04 4.1767773539e-01 2.0000000000e-01 
1.0319075573e-09 1.8714739257e+04 1.0350053568e+00 2.0000000000e-01 
6.3996105783e-06 1.7748864538e+04 1.2116440024e+00 2.0000000000e-01 
1.9556239368e-08 1.5610177062e+04 8.2956026531e-01 2.0000000000e-01 
5.8655169642e-09 1.5827015655e+04 6.9703385637e-01 2.0000000000e-01 
1.1940060246e-06 1.1817374893e+04 8.2214953359e-01 2.0000000000e-01 
1.2867442853e-10 1.4543538231e+04 1.0054937698e+00 2.0000000000e-01 
2.0036395711e-08 1.3186288306e+04 5.5715817082e-01 2.0000000000e-01 
4.1374505283e-10 1.6789713928e+04 1.1728156923e+00 2.0000000000e-01 
2.0769251380e-09 1.9000919968e+04 1.2886602465e+00 2.0000000000e-01 
3.1208011116e-10 1.6026825251e+04 8.2679676669e-01 2.0000000000e-01 
3.5075763223e-10 1.9774271668e+04 8.3759682043e-01 2.0000000000e-01 
2.9320000000e-03 1.4089949929e+04 9.0242617163e-01 2.0000000000e-01 
6.7289498458e-08 1.2487837192e+04 9.5911958801e-01 2.0000000000e-01 
1.0335553356e-10 1.2086033105e+04 3.4013248534e-01 2.0000000000e-01 
3.6418176944e-11 1.6107897404e+04 4.0785887902e-01 2.0000000000e-01 
3.8194514930e-10 1.1598460839e+04 9.8459759916e-01 2.0000000000e-01 
1.3829137836e-08 1.2809440925e+04 1.2156380376e+00 2.0000000000e-01 
1.5566287163e-07 1.7335685567e+04 8.8806288112e-01 2.0000000000e-01 
3.8575030201e-11 1.7274238530e+04 6.6131791542e-01 2.0000000000e-01 
9.8835919165e-05 1.4911943191e+04 7.0479505328e-01 2.0000000000e-01 
1.0455157151e-05 1.5768711384e+04 9.7279936055e-01 2.0000000000e-01 
4.2044509260e-09 1.9930808137e+04 8.4487116843e-01 2.0000000000e-01 
1.3894079779e-09 1.6014959266e+04 1.1665284581e+00 2.0000000000e-01 
3.7809291839e-10 1.5013343264e+04 8.1733213258e-01 2.0000000000e-01 
6.2996311536e-08 1.1273344161e+04 1.4613019033e+00 2.0000000000e-01 
9.8357311670e-06 1.9884844140e+04 6.9898521274e-01 2.0000000000e-01 
5.5043456405e-09 1.2646023457e+04 1.2767303374e+00 2.0000000000e-01 
8.6523789714e-07 1.5592479728e+04 3.1585746188e-01 2.0000000000e-01 
1.4688597965e-08 1.3042849793e+04 1.0258649187e+00 2.0000000000e-01 
5.6282169967e-07 1.2152068458e+04 5.2931928689e-01 2.0000000000e-01 
5.3557479283e-07 1.8952097749e+04 2.4491279783e-01 2.0000000000e-01 
8.4935635320e-07 1.7709522888e+04 1.5690249482e-01 2.0000000000e-01 
8.1832752722e-09 1.6377077744e+04 9.6099422536e-01 2.0000000000e-01 
1.1565319894e-07 1.7363063512e+04 5.9508786508e-01 2.0000000000e-01 
1.0464240742e-08 1.3826333670e+04 1.3680886425e+00 2.0000000000e-01 
1.4356657923e-09 1.4988528853e+04 1.2409250476e+00 2.0000000000e-01 
1.0207243232e-09 1.4276721381e+04 6.6748428085e-01 2.0000000000e-01 
4.5268452246e-09 1.4716078874e+04 3.2023426537e-01 2.0000000000e-01 
3.6344915678e-08 1.2581872517e+04 1.1320625835e+00 2.0000000000e-01 
1.1287100517e-08 1.6600285194e+04 6.1044315608e-01 2.0000000000e-01 
3.0366457617e-08 1.7757197124e+04 7.1754124816e-01 2.0000000000e-01 
9.5827455250e-10 1.3305167707e+04 1.0709561865e+00 2.0000000000e-01 
2.3530674310e-08 1.6334668294e+04 9.3434989844e-01 2.0000000000e-01 
1.0026931950e-09 1.8953354801e+04 6.0085002759e-01 2.0000000000e-01 
5.6563823362e-08 1.5861059339e+04 1.0154356860e+00 2.0000000000e-01 
1.8407409839e-06 1.8387241162e+04 1.3834233313e+00 2.0000000000e-01 
1.5918636021e-06 1.7071913892e+04 5.3183327240e-01 2.0000000000e-01 
5.8070545074e-09 1.8164828800e+04 9.9851372812e-01 2.0000000000e-01 
5.5296424214e-09 1.2275882144e+04 1.3804331800e+00 2.0000000000e-01 
1.3488199065e-06 1.3314051987e+04 1.2432457996e+00 2.0000000000e-01 
4.6140605401e-09 1.8153461304e+04 1.4862202110e+00 2.0000000000e-01 
1.8396684169e-09 1.6690923544e+04 3.1234450094e-01 2.0000000000e-01 
4.3187006859e-11 1.4501762310e+04 5.7499580603e-01 2.0000000000e-01 
4.9763950003e-06 1.7722315458e+04 4.0134095496e-01 2.0000000000e-01 
2.5449937131e-08 1.2607921370e+04 2.2568298174e-01 2.0000000000e-01 
9.3218827214e-09 1.5101012855e+04 1.3186971954e+00 2.0000000000e-01 
4.6942622463e-08 1.3783713380e+04 7.5184642008e-01 2.0000000000e-01 
4.3127903360e-08 1.6745731586e+04 4.1577628138e-01 2.0000000000e-01 
2.1470184487e-09 1.1758262244e+04 1.1210806605e+00 2.0000000000e-01 
1.7281445760e-09 1.9336344058e+04 3.7349744912e-01 2.0000000000e-01 
1.9005213630e-06 1.4951407933e+04 1.2742755698e+00 2.0000000000e-01 
1.5919445772e-06 1.3946018382e+04 1.0130668835e+00 2.0000000000e-01 
2.8674986535e-09 1.6297583939e+04 5.7911124779e-01 2.0000000000e-01 
2.7615777056e-09 1.1625416021e+04 9.9104193178e-01 2.0000000000e-01 
6.4066621522e-11 1.4680962795e+04 1.2070303322e+00 2.0000000000e-01 
2.7920625806e-09 1.1927280904e+04 5.9143545541e-01 2.0000000000e-01 
1.2179099928e-09 1.1569967437e+04 7.3235784706e-01 2.0000000000e-01 
4.8248945762e-09 1.4199004511e+04 2.2691446395e-02 2.0000000000e-01 
1.0402360568e-10 1.3171264765e+04 4.5195557257e-01 2.0000000000e-01 
4.0485622636e-11 1.7416597619e+04 8.3825420627e-01 2.0000000000e-01 
3.1292861895e-05 1.9664002032e+04 7.7584485357e-01 2.0000000000e-01 
6.2974498594e-08 1.4051988004e+04 8.2827801752e-01 2.0000000000e-01 
6.7185605940e-08 1.6418487120e+04 1.2111853627e+00 2.0000000000e-01 
1.2374378204e-09 1.4647582573e+04 8.1762738453e-01 2.0000000000e-01 
3.6990333388e-09 1.1265177546e+04 3.2210708030e-01 2.0000000000e-01 
2.5459933900e-09 1.9567727387e+04 4.2660153520e-01 2.0000000000e-01 
1.1799977577e-09 1.3280449700e+04 6.5533903505e-01 2.0000000000e-01 
8.6134183115e-08 1.9954567586e+04 8.6087879321e-01 2.0000000000e-01 
3.5290112780e-10 1.6262325725e+04 1.4241840549e+00 2.0000000000e-01 
8.9029933700e-10 1.7429823828e+04 4.2277871097e-01 2.0000000000e-01 
2.7986632990e-10 1.3123530561e+04 7.0970994263e-01 2.0000000000e-01 
3.7178364453e-08 1.3906581466e+04 1.2629839372e+00 2.0000000000e-01 
2.3998899643e-09 1.6218322051e+04 3.6440546774e-01 2.0000000000e-01 
2.7232289845e-10 1.8899830938e+04 1.8719334934e-01 2.0000000000e-01 
1.7352525656e-09 1.5483418926e+04 6.1699686472e-01 2.0000000000e-01 
7.2179979309e-09 1.8431839900e+04 5.4764284289e-01 2.0000000000e-01 
3.7884114408e-06 1.6770741648e+04 5.0672959066e-01 2.0000000000e-01 
7.6362094507e-07 1.9444137788e+04 1.0611024956e+00 2.0000000000e-01 
3.9844436941e-08 1.8844759863e+04 1.0773737633e+00 2.0000000000e-01 
4.7201504069e-08 1.9959025439e+04 9.8713647002e-01 2.0000000000e-01 
1.6386422386e-09 1.3445105200e+04 1.0145769335e+00 2.0000000000e-01 
2.6015364177e-06 1.7561458193e+04 6.0100516347e-01 2.0000000000e-01 
2.2802071992e-10 1.5898632958e+04 1.0554671932e+00 2.0000000000e-01 
1.5910211157e-08 1.5387222145e+04 6.8438776849e-01 2.0000000000e-01 
1.7069493500e-07 1.2107246339e+04 6.9058967057e-01 2.0000000000e-01 
3.0668736322e-06 1.6763976355e+04 9.6135677928e-01 2.0000000000e-01 
4.7630672595e-08 1.5739835359e+04 7.4362529561e-01 2.0000000000e-01 
5.0086889318e-08 1.6105176343e+04 4.0989273973e-01 2.0000000000e-01 
1.0602852976e-10 1.8963349709e+04 7.3126954689e-01 2.0000000000e-01 
1.9198570768e-06 1.8131304260e+04 1.0220412896e+00 2.0000000000e-01 
4.1911270800e-10 1.9099378254e+04 1.0885203703e+00 2.0000000000e-01 
2.7634659452e-09 1.2049277592e+04 1.9222128468e-01 2.0000000000e-01 
9.0110870381e-10 1.6225550989e+04 1.0860915218e+00 2.0000000000e-01 
6.4571031848e-08 1.2994030084e+04 9.0420850497e-02 2.0000000000e-01 
8.1320599425e-09 1.3716775151e+04 7.5539337394e-01 2.0000000000e-01 
2.1946344724e-07 1.5760867142e+04 1.1382376982e+00 2.0000000000e-01 
8.2710326948e-07 1.8218331933e+04 1.1476777675e+00 2.0000000000e-01 
1.6759769746e-07 1.7958135789e+04 6.7660534100e-01 2.0000000000e-01 
9.3810959634e-05 1.8155380511e+04 1.3765651701e+00 2.0000000000e-01 
3.1404984353e-08 1.6701194980e+04 1.0626385625e+00 2.0000000000e-01 
2.3560834706e-07 1.4595045041e+04 1.1081422055e+00 2.0000000000e-01 
1.8528975005e-10 1.1528454040e+04 8.6674959347e-01 2.0000000000e-01 
1.9384505635e-08 1.6259919504e+04 7.5217440702e-01 2.0000000000e-01 
3.0104803158e-10 1.4560977136e+04 7.3641555323e-01 2.0000000000e-01 
1.6570302903e-05 1.4746259437e+04 9.3560629002e-01 2.0000000000e-01 
3.2645549239e-09 1.7064254959e+04 7.2168067051e-01 2.0000000000e-01 
1.6133374482e-09 1.1820275566e+04 4.4141717548e-01 2.0000000000e-01 
1.8793129064e-08 1.6864220942e+04 1.0157881475e+00 2.0000000000e-01 
4.0318040567e-07 1.3572967811e+04 1.1136594218e+00 2.0000000000e-01 
2.3387094645e-10 1.3876987289e+04 9.1330103670e-01 2.0000000000e-01 
6.7398090840e-11 1.3027223416e+04 1.0232976605e+00 2.0000000000e-01 
3.2992909691e-09 1.2430939827e+04 3.0417968903e-01 2.0000000000e-01 
8.7843918462e-09 1.2299252343e+04 9.4629568403e-01 2.0000000000e-01 
5.5969840756e-08 1.8521310364e+04 1.2072288755e+00 2.0000000000e-01 
1.0114336117e-09 1.3195433619e+04 1.0605391358e+00 2.0000000000e-01 
7.7236379996e-10 1.4140693084e+04 1.0291877913e+00 2.0000000000e-01 
2.1218841566e-07 1.3669153877e+04 5.2500416249e-01 2.0000000000e-01 
2.9320000000e-03 1.8714822719e+04 1.2075218116e+00 2.0000000000e-01 
4.3899756786e-10 1.8918284810e+04 2.1740913751e-01 2.0000000000e-01 
5.2366403978e-11 1.2087952535e+04 1.1611761130e+00 2.0000000000e-01 
1.8733283753e-10 1.2836708057e+04 9.7012906234e-01 2.0000000000e-01 
4.4698722792e-10 1.9169999275e+04 6.8811513272e-01 2.0000000000e-01 
8.9224088426e-10 1.7666901899e+04 5.6833514268e-01 2.0000000000e-01 
4.4431366792e-08 1.8248867915e+04 6.2931805331e-01 2.0000000000e-01 
2.8170043838e-11 1.4574856252e+04 8.0817918289e-01 2.0000000000e-01 
5.9814802965e-11 1.8099245699e+04 3.0585680075e-01 2.0000000000e-01 
4.8019143714e-08 1.9060546562e+04 9.2610737174e-01 2.0000000000e-01 
8.3461056524e-08 1.4643284133e+04 7.3469079561e-01 2.0000000000e-01 
8.8932930036e-11 1.8104847166e+04 9.2812804982e-01 2.0000000000e-01 
6.4457112968e-09 1.7394754119e+04 5.3560914518e-01 2.0000000000e-01 
2.0438030396e-09 1.1276552415e+04 2.0780145231e-01 2.0000000000e-01 
3.4278695106e-10 1.5620052772e+04 8.4489740116e-01 2.0000000000e-01 
5.0955724708e-09 1.5291535792e+04 9.6636879333e-01 2.0000000000e-01 
7.9802832147e-07 1.9136197988e+04 5.0231957979e-01 2.0000000000e-01 
7.5020029357e-08 1.7590679433e+04 1.2884357044e+00 2.0000000000e-01 
5.1340501398e-10 1.1394680902e+04 4.9743515015e-01 2.0000000000e-01 
7.3235529045e-08 1.9502861175e+04 5.8687582451e-01 2.0000000000e-01 
5.5350738543e-10 1.7923829792e+04 1.3536588400e+00 2.0000000000e-01 
9.3434311229e-10 1.4603976073e+04 1.1994759423e+00 2.0000000000e-01 
3.7559844075e-08 1.4272861067e+04 6.4727610601e-01 2.0000000000e-01 
2.9320000000e-03 1.7240397523e+04 5.1789612006e-02 2.0000000000e-01 
2.4609326375e-09 1.5271529437e+04 2.9503061527e-01 2.0000000000e-01 
2.9320000000e-03 1.8630955179e+04 5.6485215400e-01 2.0000000000e-01 
6.2435829787e-08 1.3778565082e+04 9.7247254427e-01 2.0000000000e-01 
4.3128211572e-11 1.8309602977e+04 5.0415169337e-01 2.0000000000e-01 
1.2922489493e-08 1.4883297641e+04 2.1958136640e-01 2.0000000000e-01 
2.0685175534e-06 1.7917693808e+04 3.0840131151e-01 2.0000000000e-01 
7.7505995478e-08 1.8662908141e+04 1.2242190414e+00 2.0000000000e-01 
3.7776776645e-10 1.6896723312e+04 6.1283953578e-01 2.0000000000e-01 
2.3963943228e-08 1.9610099917e+04 8.0232079925e-01 2.0000000000e-01 
1.1877603684e-08 1.3488568643e+04 1.2629916396e+00 2.0000000000e-01 
1.8376487049e-08 1.6628836452e+04 5.4665562169e-01 2.0000000000e-01 
7.0374989246e-09 1.6455027673e+04 1.0151272375e+00 2.0000000000e-01 
8.7448799694e-08 1.6731172017e+04 1.2867057175e+00 2.0000000000e-01 
7.8244801234e-11 1.3354990116e+04 1.2213713283e+00 2.0000000000e-01 
2.9320000000e-03 1.6445949951e+04 5.9980436158e-01 2.0000000000e-01 
2.3940507380e-09 1.8374174943e+04 4.5769179856e-01 2.0000000000e-01 
1.2608556434e-08 1.7099941179e+04 1.0498734156e+00 2.0000000000e-01 
1.7693224846e-09 1.6933827654e+04 2.4917503966e-01 2.0000000000e-01 
1.5637739955e-09 1.5416915429e+04 8.9080112084e-01 2.0000000000e-01 
7.2919010589e-08 1.6505763015e+04 9.6580068116e-01 2.0000000000e-01 
4.2185484462e-09 1.1371783803e+04 3.7112260403e-01 2.0000000000e-01 
1.4793395123e-10 1.5993384968e+04 9.7071251226e-01 2.0000000000e-01 
1.5812352268e-09 1.2138042492e+04 8.9402120527e-01 2.0000000000e-01 
7.1786800782e-06 1.9717501098e+04 5.8218198726e-01 2.0000000000e-01 
4.9914542217e-08 1.6186633269e+04 6.3136053568e-01 2.0000000000e-01 
9.5742641687e-09 1.5001262047e+04 5.3969115332e-01 2.0000000000e-01 
5.6566124714e-05 1.7925166859e+04 1.2161341925e+00 2.0000000000e-01 
8.6071040969e-07 1.6142796097e+04 6.0206946256e-01 2.0000000000e-01 
1.6963148008e-07 1.7695061981e+04 6.3914136624e-01 2.0000000000e-01 
4.1820842775e-10 1.7160971101e+04 2.8063105444e-01 2.0000000000e-01 
1.8294388897e-10 1.9499766169e+04 7.9872491047e-01 2.0000000000e-01 
7.9001163560e-08 1.4664542961e+04 7.4278421431e-01 2.0000000000e-01 
6.4023505380e-08 1.6513748685e+04 9.2772617263e-01 2.0000000000e-01 
2.5960890880e-07 1.3659598565e+04 9.2121910712e-01 2.0000000000e-01 
2.1470540317e-09 1.9653710449e+04 1.0335663964e+00 2.0000000000e-01 
1.0288972906e-04 1.3542952258e+04 1.1734394091e+00 2.0000000000e-01 
8.6764633708e-09 1.9337143436e+04 6.0963158428e-01 2.0000000000e-01 
7.1639441750e-08 1.7218836516e+04 9.2645529729e-01 2.0000000000e-01 
3.5307306861e-08 1.2153514364e+04 1.4140213476e+00 2.0000000000e-01 
1.7266611484e-10 1.4315991428e+04 1.3873135677e+00 2.0000000000e-01 
1.0361307845e-05 1.9845352556e+04 9.9483995484e-01 2.0000000000e-01 
5.1741691548e-07 1.8482569893e+04 1.0432156897e+00 2.0000000000e-01 
4.5144626277e-09 1.6771710404e+04 7.6326712952e-01 2.0000000000e-01 
5.1266274009e-09 1.6477067851e+04 1.1042354091e+00 2.0000000000e-01 
5.1036424608e-09 1.4117303918e+04 1.2182354546e+00 2.0000000000e-01 
5.9545156377e-11 1.2406213204e+04 8.0134285348e-01 2.0000000000e-01 
2.9320000000e-03 1.6678807182e+04 9.2979439058e-01 2.0000000000e-01 
1.0818047541e-07 1.3480821357e+04 5.3410039032e-01 2.0000000000e-01 
4.2665459256e-08 1.7872215287e+04 5.5570395614e-01 2.0000000000e-01 
2.6727260568e-09 1.9420523814e+04 1.1719774690e+00 2.0000000000e-01 
7.5618065627e-07 1.1398216280e+04 5.3807190021e-01 2.0000000000e-01 
5.4591184194e-08 1.7806101047e+04 6.8227166646e-01 2.0000000000e-01 
3.7431359418e-09 1.1563570175e+04 4.9335182564e-01 2.0000000000e-01 
