Radius [m]       Fe Area [frac]    Max Temp [k]    
8.9924897759e-06 7.4053306615e-01 2.3061507156e+03 
2.4030380890e-05 6.9250217950e-01 2.8791607685e+03 
1.2037077674e-05 7.3692338091e-01 2.2274854106e+03 
1.1233630328e-05 7.5039321851e-01 2.2467194514e+03 
7.7625006604e-06 7.4374558416e-01 2.2723930000e+03 
7.6235395586e-06 7.4436315378e-01 2.1822776989e+03 
3.9714995560e-05 6.5585920867e-01 2.1415122356e+03 
9.7333709630e-06 7.5044421165e-01 2.4663329650e+03 
1.2057872054e-05 1.0000000000e+00 1.7057507268e+03 
6.8829593248e-06 7.4698675990e-01 2.2570478546e+03 
1.5660905081e-04 6.7745639688e-01 2.4387632255e+03 
1.2649376350e-04 6.9129764367e-01 2.3554747821e+03 
8.3158558392e-05 7.0920930783e-01 2.3699336706e+03 
3.7478520251e-05 7.1883344960e-01 2.3994416037e+03 
5.2302962719e-05 6.9946308762e-01 2.6554203090e+03 
4.3201556469e-05 6.4496859712e-01 2.1798522661e+03 
8.5581002433e-06 7.4228395802e-01 2.2731153681e+03 
8.5884225463e-06 7.4438350351e-01 2.5233412872e+03 
7.8483054584e-06 7.5430775497e-01 2.2735059620e+03 
1.7007054038e-05 7.2016808938e-01 2.2164354591e+03 
1.6736322824e-05 7.2762185756e-01 2.3481345498e+03 
2.3798046182e-05 6.3996015733e-01 2.1070423886e+03 
6.2976755191e-05 7.1362460021e-01 2.3209524528e+03 
1.5621566239e-05 1.0000000000e+00 1.6982794181e+03 
9.4496214744e-06 1.0000000000e+00 1.6959610751e+03 
3.6741820463e-05 7.1706954825e-01 2.3936188520e+03 
4.6674553152e-05 7.0052212008e-01 2.1192053675e+03 
4.5329547873e-05 6.7154703600e-01 2.9852665523e+03 
5.5248449731e-06 7.5293784187e-01 2.3174933436e+03 
5.6343598589e-06 7.5237121987e-01 2.2824714709e+03 
8.2526032837e-06 7.4865331537e-01 2.4960980567e+03 
2.3685251947e-05 6.6840375806e-01 2.1885466065e+03 
2.4247907360e-05 7.2080247497e-01 2.5737814167e+03 
4.3021833289e-05 7.1988146595e-01 2.4024022550e+03 
1.0089973405e-04 6.7171964554e-01 2.8339759277e+03 
2.9356231108e-05 7.1407873122e-01 2.2790852006e+03 
4.4161262405e-05 7.2017210357e-01 2.5920923073e+03 
3.1382654384e-05 7.1880423047e-01 2.5002568820e+03 
1.0682645954e-05 7.3938337892e-01 2.4674054238e+03 
3.2003253436e-05 6.4731740473e-01 2.0927606847e+03 
7.6270847851e-05 6.8797730114e-01 2.3716416694e+03 
2.8427850309e-05 7.4119873174e-01 2.5657940886e+03 
1.0536787274e-04 6.4501327850e-01 3.0640092421e+03 
2.7201583272e-05 1.0000000000e+00 3.5771874993e+02 
1.0604221250e-05 7.3561088527e-01 2.2829985336e+03 
7.3041989416e-06 7.3835122911e-01 2.5703592355e+03 
3.1542939809e-05 6.5774638629e-01 2.1136186208e+03 
1.4018510759e-05 7.4791749297e-01 2.2569238561e+03 
1.1845675179e-05 7.3860916599e-01 2.3106779876e+03 
3.7582044498e-05 7.0835023834e-01 2.3048531520e+03 
5.1262554018e-05 6.4513185380e-01 2.1715230810e+03 
1.3003875243e-05 7.3399902590e-01 2.3324161063e+03 
1.3907438585e-04 6.6443369248e-01 2.9442346447e+03 
5.9364249958e-05 6.9858026751e-01 2.2188256641e+03 
7.0068339660e-06 7.5054885025e-01 2.2411332975e+03 
5.6952943091e-04 6.3931657871e-01 2.6375319055e+03 
8.8070707608e-06 7.3679503421e-01 2.5682886935e+03 
9.6020740749e-05 6.5310028808e-01 3.0444872946e+03 
5.9340829355e-06 7.5610603559e-01 2.4127897814e+03 
2.0288878952e-05 6.4992943379e-01 2.0217220375e+03 
1.1088350669e-05 7.2601837862e-01 2.1566597827e+03 
2.6979381852e-04 6.3805561992e-01 2.7549986803e+03 
2.1917697904e-05 7.2073087178e-01 2.4291848595e+03 
1.2864720446e-04 6.8768318910e-01 2.4266024840e+03 
1.6414033444e-05 7.3476059049e-01 2.2173695750e+03 
1.3724391305e-05 7.3868947109e-01 2.3476910184e+03 
4.1310524994e-05 7.0350923775e-01 2.3719260500e+03 
5.0038950233e-06 7.5473935019e-01 2.2955417741e+03 
8.5013578640e-06 7.5906733656e-01 2.3390546804e+03 
7.9333380282e-05 7.1266555915e-01 2.2570421855e+03 
6.0957578749e-06 7.5180617680e-01 2.4791618092e+03 
6.1648681289e-06 7.5432727880e-01 2.3283895928e+03 
4.2297840869e-05 7.2199974666e-01 2.1653566920e+03 
1.3897790405e-05 7.1464024666e-01 1.8654764122e+03 
5.6477564405e-05 6.9880916923e-01 2.4010539618e+03 
2.2827553800e-05 7.3268758606e-01 2.4581122203e+03 
9.4545956384e-05 6.8368255767e-01 2.5091289571e+03 
2.0018014400e-05 7.5137315336e-01 2.3102465203e+03 
5.6325731236e-05 7.0173898585e-01 2.3018865346e+03 
2.0936447885e-04 6.3733345375e-01 3.0181156948e+03 
5.6050933564e-05 7.0216120677e-01 2.4496696989e+03 
2.5334748547e-05 7.1642374626e-01 2.3910770250e+03 
4.6283698323e-05 7.0662842271e-01 2.2240242159e+03 
3.5965269252e-05 7.4264076798e-01 2.2098877976e+03 
3.5257283119e-05 6.4509821093e-01 2.0454921113e+03 
5.3489211267e-05 6.9861939585e-01 2.4524049042e+03 
8.2341541913e-06 7.4942899895e-01 2.2793042754e+03 
4.0181494810e-05 7.2126419407e-01 2.6160489320e+03 
1.0761774989e-05 7.3388697416e-01 2.6344522373e+03 
2.5869342644e-05 6.9825942368e-01 2.2396357143e+03 
1.0194048190e-05 7.3396585576e-01 2.2231810238e+03 
2.1094252798e-05 6.7383458735e-01 2.1778348654e+03 
3.5482816928e-05 6.6654132324e-01 2.2101253877e+03 
3.6262673039e-05 7.1545283376e-01 2.5336764837e+03 
7.4111948535e-06 7.4638971396e-01 2.2192915117e+03 
1.3454070455e-05 7.4993070156e-01 2.1931096348e+03 
4.9235704895e-05 6.9936911468e-01 2.2916702968e+03 
9.9446777099e-06 7.5682289942e-01 2.2711962816e+03 
2.0987409206e-05 7.1904494284e-01 2.2769167125e+03 
1.2892091010e-05 7.3421576870e-01 2.5580224406e+03 
1.8682638434e-05 7.4701321086e-01 1.8352987493e+03 
2.1268377664e-05 7.4421511372e-01 1.8359905452e+03 
9.8064333570e-06 7.2319512719e-01 2.1765538562e+03 
6.5415866523e-06 7.5276049553e-01 2.3176508146e+03 
1.7757076744e-05 7.2229618862e-01 2.2306951733e+03 
3.2972456814e-05 7.0840527014e-01 2.2575883633e+03 
5.5981659592e-06 7.4725832910e-01 2.2150008781e+03 
4.0523847412e-05 7.0684285809e-01 2.3935730055e+03 
2.7089817240e-05 7.3047770960e-01 2.3578535014e+03 
3.1012563915e-05 7.3459959144e-01 2.3623529457e+03 
3.8574015192e-05 6.4509269380e-01 2.0664054093e+03 
4.2987494095e-05 6.9751987162e-01 2.2803781910e+03 
1.3810361454e-05 7.3136955456e-01 2.6070965713e+03 
1.3917587540e-05 7.4008884707e-01 2.3741995271e+03 
6.9495879409e-05 6.8546177607e-01 2.2503587957e+03 
2.0445992973e-05 7.2197049412e-01 2.1565418507e+03 
1.0710082827e-05 6.6680591683e-01 1.9557733798e+03 
1.2170309486e-05 7.3372541870e-01 2.4833175504e+03 
2.1452892813e-05 6.5594452149e-01 2.0034779801e+03 
8.7404544939e-06 7.4301878047e-01 2.3464578609e+03 
1.8878089931e-05 7.1017335634e-01 2.2001080947e+03 
1.5713388353e-05 7.1500607826e-01 2.2117290144e+03 
6.9946982134e-05 6.9397218415e-01 2.4990373298e+03 
3.5657097287e-05 1.0000000000e+00 6.0103921274e+02 
1.2951723950e-04 6.4140681338e-01 3.0648078611e+03 
1.7495722890e-05 7.3256129543e-01 2.2657960139e+03 
2.7415266040e-05 7.3608284600e-01 2.2145487340e+03 
2.7358424538e-05 7.1581685684e-01 2.4102309331e+03 
1.4252024886e-05 7.4186772338e-01 2.3320209070e+03 
3.2607317017e-05 7.3535020788e-01 2.3015220680e+03 
6.6499548622e-06 7.3852899611e-01 2.1690883372e+03 
5.9570072341e-05 6.9345587143e-01 2.3928217455e+03 
7.4071177360e-05 6.8804935782e-01 2.3775131184e+03 
4.6596538771e-04 6.0179592240e-01 2.9190731512e+03 
3.0195941566e-04 6.6971405056e-01 2.8380087163e+03 
1.0313094839e-05 1.0000000000e+00 1.5797171662e+03 
3.5768605435e-05 7.0744529689e-01 2.3383606958e+03 
1.4136959409e-05 7.4062078959e-01 2.5054413106e+03 
4.2444176182e-05 7.2071882016e-01 2.3373229967e+03 
3.5186427341e-05 7.0999111952e-01 2.3112707668e+03 
1.2110809169e-05 7.4074031815e-01 2.2730672352e+03 
7.9326776837e-05 6.8056590190e-01 2.7688577875e+03 
1.6491194664e-05 6.9258406027e-01 1.8960196718e+03 
2.6792442742e-05 1.0000000000e+00 1.5175468471e+03 
1.8977445827e-05 7.4157331197e-01 1.8395533103e+03 
2.1447541171e-05 6.8740565840e-01 1.9073216605e+03 
1.2362324036e-05 7.5037562112e-01 2.3400220432e+03 
1.3886136164e-05 1.0000000000e+00 1.6720132806e+03 
3.4724840598e-05 7.1863613566e-01 2.2657984812e+03 
1.6408645983e-04 6.6075467521e-01 2.9447485384e+03 
2.1718482693e-05 7.1981830361e-01 2.4276591865e+03 
9.5329117131e-06 1.0000000000e+00 1.4927346025e+03 
6.9976098096e-06 7.5888742595e-01 2.3647633235e+03 
1.8134023134e-05 7.2241402439e-01 2.5816236914e+03 
1.1970163038e-05 7.1623657545e-01 2.7049164070e+03 
1.6559577059e-05 7.3052646063e-01 2.2949532037e+03 
7.5808195047e-05 6.8938802019e-01 2.4866187763e+03 
9.7102720602e-06 6.7727245264e-01 1.9326035226e+03 
1.0993649878e-05 7.2739506097e-01 2.1700313012e+03 
2.8686765571e-05 7.1659370361e-01 2.4487441722e+03 
4.8199856194e-05 7.1850532527e-01 2.4495703111e+03 
3.6806384502e-05 6.6523354678e-01 3.0697605961e+03 
1.3113831483e-05 7.5767160224e-01 2.3772015939e+03 
5.5296900052e-05 6.8506479897e-01 2.2828738767e+03 
7.4853547410e-05 7.0170789008e-01 2.3317741657e+03 
1.3346229570e-05 7.2700824171e-01 2.6404797288e+03 
6.1859830455e-05 6.9703602695e-01 2.2630889797e+03 
1.0853997867e-05 7.3736085429e-01 2.3452346018e+03 
1.0187406456e-05 7.3814827384e-01 2.3044341718e+03 
3.5093451083e-05 7.1039520385e-01 2.3044193476e+03 
1.6394564782e-05 7.3518189274e-01 2.3647590158e+03 
2.5292077277e-05 1.0000000000e+00 1.6967658058e+03 
2.9940352870e-05 7.2234728834e-01 2.1734931798e+03 
1.9313100143e-05 7.3155424235e-01 2.5244473997e+03 
4.4492053037e-05 6.3489707175e-01 2.0750884992e+03 
7.7452080845e-06 7.3800484415e-01 2.5779210085e+03 
5.7316818223e-05 7.0679761330e-01 2.4972608067e+03 
1.3334167338e-05 7.3494224991e-01 2.5163369977e+03 
1.3834430292e-05 7.2008364022e-01 2.1955770439e+03 
4.5966086378e-05 7.1780143930e-01 2.4059358415e+03 
1.0503090894e-05 7.3261296576e-01 2.5934044599e+03 
1.0462844561e-05 7.3861628555e-01 2.3542661014e+03 
4.0849308651e-05 6.7744968312e-01 2.9693516139e+03 
2.1150797380e-05 7.3197795404e-01 2.3067881840e+03 
9.3436902593e-05 6.9517031109e-01 2.2481502861e+03 
4.7566100829e-05 7.2809477035e-01 1.8490285379e+03 
1.1744993790e-05 7.4518914182e-01 2.2639897469e+03 
1.9473912582e-05 1.0000000000e+00 1.4976623900e+03 
4.9647380643e-06 7.5763171282e-01 2.3182088152e+03 
3.3441870569e-05 6.5437545365e-01 2.1858661937e+03 
9.8122087824e-06 7.4001286072e-01 2.1785317792e+03 
6.8188810527e-05 6.9062694414e-01 2.4104446836e+03 
1.3591419289e-05 7.2818696769e-01 2.2590384428e+03 
1.1770743797e-05 7.3241945511e-01 1.8451297420e+03 
9.1681601509e-06 7.5010784013e-01 2.3415485497e+03 
1.0747539309e-05 6.9362871364e-01 1.8973186553e+03 
1.7694283048e-05 7.2572858602e-01 2.2884002753e+03 
3.0468885628e-05 7.2334349823e-01 2.2273607857e+03 
1.2760057233e-05 6.8991052699e-01 1.9050299610e+03 
1.3111193580e-05 7.3044055950e-01 2.1786387376e+03 
2.7837565079e-05 6.4925613765e-01 2.0598992536e+03 
8.6828416859e-05 6.4612130038e-01 2.0240057027e+03 
4.5976532147e-05 7.1481361447e-01 2.4215301770e+03 
5.5163229399e-05 1.0000000000e+00 1.6962771912e+03 
3.7560943436e-05 7.2032355933e-01 2.3677288902e+03 
3.2624029913e-05 7.3646720964e-01 2.3213642998e+03 
1.8867976982e-05 6.4641518792e-01 2.0607115440e+03 
1.2753745865e-05 7.3139333076e-01 2.1693548091e+03 
1.1047442564e-05 7.4968692802e-01 2.2564991346e+03 
2.9786201692e-05 7.1370710243e-01 2.3274995153e+03 
5.0864930571e-04 6.1434887722e-01 2.9230446779e+03 
9.6349199423e-06 7.4380108197e-01 2.2801355030e+03 
1.1604589030e-05 7.3266914578e-01 2.5397419498e+03 
2.2596877794e-05 7.4089720207e-01 2.3817115516e+03 
1.1853904962e-05 6.7622838738e-01 2.1059034789e+03 
5.4078726114e-05 6.6502344458e-01 2.9978946954e+03 
4.0703336844e-05 6.5662677717e-01 2.1947943607e+03 
2.5202565392e-05 7.2543102092e-01 2.6374829197e+03 
4.9309072312e-06 7.5701855421e-01 2.4319752392e+03 
1.4896900786e-04 6.3827665039e-01 2.0485348345e+03 
4.9495936223e-05 6.7995560472e-01 1.9662835978e+03 
1.7296509217e-05 1.0000000000e+00 1.4766033437e+03 
7.9111032853e-06 7.4480858099e-01 2.2435845966e+03 
1.4934361090e-05 7.2966338625e-01 2.3450951617e+03 
5.3239812707e-06 7.5378199948e-01 2.2583857775e+03 
1.9910213019e-05 6.8028501765e-01 2.0987721242e+03 
6.1940083631e-05 6.9838279873e-01 2.3606422752e+03 
4.1474241818e-05 7.1316358728e-01 2.3939014292e+03 
7.9874676923e-05 6.9094927521e-01 2.4460366610e+03 
5.5464272991e-05 6.4605558174e-01 2.1399430072e+03 
2.9202926132e-05 7.1904606232e-01 2.4312254779e+03 
4.6545873716e-05 7.0093760650e-01 2.4770472930e+03 
1.1522102219e-05 6.5159490823e-01 2.0400321566e+03 
2.8946339550e-05 7.2479291279e-01 1.8514481029e+03 
2.5590645061e-05 7.2582426478e-01 2.1243288198e+03 
8.1134771824e-06 7.3864801568e-01 2.5335221728e+03 
1.0747441099e-05 7.3806428371e-01 2.3061588716e+03 
4.9813501338e-05 7.0860499351e-01 2.3707140889e+03 
2.5966616240e-05 7.2069475852e-01 2.3178088613e+03 
2.1992445545e-05 1.0000000000e+00 1.7298291516e+03 
5.1570427428e-05 7.1416479369e-01 2.2589783008e+03 
2.9115584087e-05 6.6268614592e-01 2.1430427646e+03 
1.0542592445e-05 7.2905600003e-01 2.6086985334e+03 
1.1214414827e-05 7.3614423686e-01 2.2906157811e+03 
8.3582230214e-06 7.5309336939e-01 2.3254270198e+03 
2.8024419890e-05 7.1959361891e-01 2.1653982356e+03 
1.3132264618e-04 6.7595071114e-01 2.5011853856e+03 
1.0414404333e-04 1.0000000000e+00 1.7779453196e+03 
1.0298075191e-05 7.4187696995e-01 2.4650216501e+03 
1.2266940322e-05 7.3814398470e-01 2.3841711397e+03 
9.3998962219e-06 7.5454727747e-01 2.3426895677e+03 
4.6332409503e-05 7.0324111550e-01 2.2836704233e+03 
1.9297783989e-05 6.5609888363e-01 2.0578337691e+03 
3.0085277795e-05 7.2249446095e-01 2.3986470498e+03 
6.6517281848e-06 7.4937967006e-01 2.2652543264e+03 
3.2296196280e-05 7.2589842972e-01 2.2904746028e+03 
3.4888890690e-05 7.2848041568e-01 2.5671294322e+03 
2.2849001108e-05 7.3467688513e-01 2.3052635244e+03 
1.2721152294e-05 7.5066008239e-01 1.8330219165e+03 
5.6518684938e-06 7.5287418962e-01 2.2744211004e+03 
1.9288004918e-05 6.4666485263e-01 2.0890095889e+03 
7.7276631846e-05 6.8363058829e-01 2.6796407978e+03 
1.4320474601e-05 7.3896727623e-01 2.1379215860e+03 
4.0055762329e-05 1.0000000000e+00 1.7846746369e+03 
3.9551140874e-05 6.9035844422e-01 2.2640689353e+03 
4.5931754664e-05 7.0358854516e-01 2.6192245637e+03 
1.7342224500e-05 7.3772041700e-01 2.2599203546e+03 
1.8451846232e-05 7.1855386062e-01 2.2579300239e+03 
4.2285724699e-05 6.8753794371e-01 2.2774040878e+03 
1.3637155707e-05 7.4295443719e-01 2.2297624786e+03 
1.6233916886e-05 7.1102637200e-01 2.2101232758e+03 
1.8942814917e-05 7.1861404972e-01 2.2566236321e+03 
1.0592921374e-05 7.3495790938e-01 2.2002749099e+03 
8.5767091191e-05 6.7220857614e-01 2.9522044468e+03 
7.9492030372e-06 7.4851182942e-01 2.4573185986e+03 
5.4858538945e-04 6.0338699166e-01 2.9694183234e+03 
1.2999867893e-05 7.4620851777e-01 2.2209790271e+03 
4.7751753373e-05 7.0230581228e-01 2.6843132772e+03 
7.1663513210e-06 7.4574840221e-01 2.3617498238e+03 
5.5022025272e-05 6.9911243390e-01 2.4801722744e+03 
2.7209198430e-05 7.1839789380e-01 2.2970140412e+03 
2.7751647403e-04 6.9888068661e-01 2.7260495180e+03 
1.0905439287e-05 1.0000000000e+00 1.8044704598e+03 
7.4577212983e-06 7.5701064310e-01 2.4372314908e+03 
3.9307548520e-05 7.0206319916e-01 2.2434951669e+03 
7.3018115077e-05 6.8464444057e-01 2.6731856806e+03 
4.2231853831e-04 6.3142698138e-01 2.6804846987e+03 
8.9704205002e-05 6.8665754999e-01 2.4045114421e+03 
1.4909032926e-05 7.3508277234e-01 2.3723765988e+03 
2.0792987563e-05 6.4236451232e-01 2.0649376250e+03 
3.1732223620e-05 6.8041408278e-01 1.9241945031e+03 
1.0282432528e-04 6.8452833607e-01 2.8911500596e+03 
3.5616667850e-04 6.4522291429e-01 2.7016126946e+03 
2.0507742538e-05 6.6834574858e-01 2.1446183139e+03 
2.5124277540e-05 7.1037326713e-01 2.2408415723e+03 
4.3589718277e-05 6.6458356631e-01 1.9681447942e+03 
3.1438060132e-05 6.4875937341e-01 2.1725991960e+03 
9.6574828997e-06 7.1779554596e-01 2.1609469520e+03 
4.6412477276e-05 7.1459150514e-01 2.3346620626e+03 
1.1439057990e-05 7.4447080546e-01 2.2927687432e+03 
1.2228051317e-05 7.2734792303e-01 2.1584095832e+03 
1.9873253536e-05 7.2307265175e-01 2.2874095582e+03 
1.0791583673e-05 6.7604061285e-01 1.9302419117e+03 
2.0979478525e-05 7.2422670206e-01 2.3525222457e+03 
9.5067420184e-05 6.7951394276e-01 2.5888265232e+03 
4.8547088630e-05 6.8855250896e-01 2.2739552270e+03 
2.1082802404e-05 1.0000000000e+00 1.7670605272e+03 
5.1327878929e-06 7.4493537745e-01 2.5467657069e+03 
5.4784771477e-05 6.9509550606e-01 2.3664092796e+03 
2.8648247822e-05 7.1805249134e-01 2.3408393017e+03 
3.1999839264e-05 7.4454230020e-01 2.4485427680e+03 
9.0420246772e-06 7.4340238789e-01 2.4133337569e+03 
5.1130446973e-05 7.0646932838e-01 2.3031864277e+03 
2.9152945562e-05 7.1857900669e-01 2.2322915239e+03 
4.6192913317e-06 7.5746846054e-01 2.2823408634e+03 
1.4741894772e-05 7.1637519786e-01 2.7418743839e+03 
3.9057346627e-05 7.1388398325e-01 2.3557284043e+03 
2.7616240935e-05 7.2249535667e-01 2.3748289176e+03 
1.1089726322e-05 7.3530288480e-01 2.2714717325e+03 
3.9126991346e-05 7.3582072555e-01 2.5011954757e+03 
4.7531027445e-05 7.1964990023e-01 2.2256059078e+03 
1.8960376668e-05 7.0188150422e-01 1.8820510998e+03 
1.2448019496e-05 7.3902004210e-01 2.4026783745e+03 
3.4598827288e-05 6.9362963571e-01 2.2637224779e+03 
6.5770666106e-06 7.5269637746e-01 2.2443305359e+03 
2.4488521679e-05 7.2355707349e-01 2.2245084401e+03 
1.7019476658e-05 7.2568251840e-01 2.5520213952e+03 
4.0459302875e-06 7.5787782297e-01 2.4306150531e+03 
6.5852085851e-06 7.4720693124e-01 2.1985864619e+03 
2.7962854040e-05 6.3510761568e-01 2.1111068883e+03 
1.1510914076e-05 7.3962974249e-01 2.4213128313e+03 
8.8343629218e-06 7.5074353867e-01 2.4083130632e+03 
1.7185193022e-05 7.3372307770e-01 2.2378959069e+03 
3.7615772566e-05 1.0000000000e+00 1.5446699124e+03 
2.0074382845e-05 7.3353106658e-01 2.3283174198e+03 
4.7098500035e-06 7.5570009429e-01 2.3005384649e+03 
1.1279169081e-05 7.4124650660e-01 2.5221837942e+03 
1.6606118769e-04 6.6116433062e-01 2.6009195270e+03 
3.2380362247e-05 7.1776310705e-01 2.2490671034e+03 
6.5634281778e-06 7.5160088718e-01 2.3216397408e+03 
2.1514834397e-05 7.2181820289e-01 2.3020328181e+03 
1.0257506570e-05 7.5016499408e-01 2.2681710718e+03 
5.5220608031e-06 7.5557852261e-01 2.4138202749e+03 
3.1051474224e-05 7.0948420747e-01 2.2234354237e+03 
1.8480241744e-05 7.3309034988e-01 2.2651878865e+03 
4.3624240717e-06 7.5528937214e-01 2.4516192495e+03 
5.7479508630e-06 7.5727242593e-01 2.3031042838e+03 
7.3538615782e-05 6.9220334638e-01 2.3903702834e+03 
5.7114979667e-05 7.2615781620e-01 2.3832229382e+03 
5.7946205998e-05 7.0752123861e-01 2.2680489382e+03 
3.0078806598e-05 7.1277109769e-01 2.5890217082e+03 
1.6141429440e-05 7.3442435982e-01 2.4077435440e+03 
4.7733359999e-05 6.9777830407e-01 2.3392808035e+03 
1.8310330955e-05 7.4791131650e-01 2.4663058557e+03 
1.2168770113e-05 6.5900136369e-01 1.9843353715e+03 
1.0513393636e-05 7.5709351365e-01 2.2986279040e+03 
2.6921473648e-05 7.1318965944e-01 2.6092644278e+03 
9.0325416152e-06 7.2908116193e-01 2.1840186410e+03 
1.0492664287e-05 1.0000000000e+00 1.5096382594e+03 
8.1236174746e-05 7.0994135259e-01 2.4098188424e+03 
5.0067400341e-04 6.2427357887e-01 2.8398521317e+03 
6.8891314008e-06 7.4750836053e-01 2.1952300427e+03 
1.6638101633e-05 7.5328858545e-01 2.2812177954e+03 
6.4056030056e-06 7.5221324418e-01 2.3452947492e+03 
6.3834904161e-05 6.6127845962e-01 3.0434383629e+03 
4.1151826754e-05 7.0302954476e-01 2.3617309809e+03 
3.7675831492e-05 7.0436336940e-01 2.3435849952e+03 
2.1250607694e-05 7.4541336240e-01 2.2810879509e+03 
4.6185971872e-05 7.1744766844e-01 2.3807510530e+03 
1.3503340328e-04 6.8838471057e-01 2.3493767013e+03 
2.4674681979e-05 7.1451635431e-01 2.2837413888e+03 
4.1912307685e-05 7.0578248449e-01 1.8743354140e+03 
4.2137984519e-05 7.0698683728e-01 2.3540848704e+03 
1.9408230255e-05 7.2218427408e-01 2.2100757151e+03 
8.4935509761e-05 7.2272486946e-01 2.2798401267e+03 
3.5288333585e-05 7.0889438896e-01 2.6038133100e+03 
1.9729187800e-05 7.3103687689e-01 2.5131092383e+03 
2.1836267271e-05 7.4008697513e-01 2.3073290752e+03 
1.0381828084e-04 6.7455824147e-01 2.9310821237e+03 
1.7078159414e-05 7.2546961171e-01 2.6711761471e+03 
1.1169122018e-05 6.7570650073e-01 2.0848028122e+03 
2.5407190727e-05 6.9149492583e-01 2.8667529901e+03 
2.0708072459e-05 7.2572837510e-01 2.3756122841e+03 
1.1497588965e-04 7.1312168251e-01 2.2499305256e+03 
4.7643930913e-05 6.8969140883e-01 2.2855735110e+03 
2.3134269444e-04 7.0990912404e-01 2.4253018904e+03 
4.3633851424e-05 6.6297646121e-01 3.0666975478e+03 
8.4657882494e-05 6.8218053910e-01 2.7688110972e+03 
1.8850134630e-05 7.3257257653e-01 2.2376382861e+03 
8.0142324116e-06 7.4506108993e-01 2.5327627545e+03 
4.0986930347e-05 7.0550522299e-01 2.5514087676e+03 
4.9499134882e-05 6.7524692068e-01 2.1313488679e+03 
1.4693129819e-05 7.4617198684e-01 2.3586175495e+03 
1.4357766507e-05 7.3068969013e-01 2.2922079888e+03 
4.8721127188e-05 7.4060688924e-01 2.2465644218e+03 
6.0523389634e-06 7.5153804721e-01 2.4378482757e+03 
4.4052884102e-05 7.0035343016e-01 2.3216170504e+03 
9.3559329973e-05 6.8083285527e-01 2.9125012696e+03 
2.2043322648e-05 1.0000000000e+00 1.5451313072e+03 
1.0601067628e-05 7.3784174456e-01 2.5076420030e+03 
2.9691090418e-05 7.0982870267e-01 2.2301584968e+03 
1.9099919592e-05 7.0375481277e-01 2.2174531255e+03 
8.4477796207e-06 7.4793880541e-01 2.2829831763e+03 
5.2749680049e-05 6.9071775121e-01 2.7706380768e+03 
1.0037144765e-05 7.2373434987e-01 2.1829292352e+03 
1.1104941501e-04 7.0470272629e-01 2.4426429696e+03 
1.7815446263e-05 7.2509746204e-01 2.3065523858e+03 
8.8212857221e-06 7.4537603286e-01 2.4086298814e+03 
2.5945796519e-05 7.2209771137e-01 2.4189738426e+03 
4.6014119887e-05 7.0208192032e-01 2.2553819611e+03 
1.4252179401e-04 6.8586886549e-01 2.4414402789e+03 
4.5214533760e-05 7.0649568042e-01 2.2744941795e+03 
3.5396000854e-05 6.7746455023e-01 1.9272188404e+03 
5.7276690998e-05 6.7865773569e-01 1.9208838658e+03 
9.9086699497e-05 7.0431900767e-01 2.2435363626e+03 
6.5822398382e-05 6.9819191796e-01 2.3314401585e+03 
8.7085806528e-06 7.5355395670e-01 2.2486871709e+03 
2.1786029573e-05 7.1375115114e-01 2.2398046633e+03 
1.3595964863e-05 7.3719040065e-01 2.2000972769e+03 
1.1100517278e-05 7.3900923438e-01 2.2034079136e+03 
1.7974205335e-05 6.5934970467e-01 1.9698315962e+03 
3.4280924827e-05 6.8356183164e-01 2.2218575940e+03 
1.0570798433e-05 7.4425302762e-01 2.3535724704e+03 
2.5861530574e-05 7.3299558284e-01 2.2338688422e+03 
7.5435252080e-05 6.8931919501e-01 2.4804146857e+03 
1.1717839664e-05 7.4124282996e-01 2.3416009140e+03 
7.4585971406e-06 7.5670134339e-01 2.2693373640e+03 
1.1798082794e-05 7.4447522599e-01 2.2649243729e+03 
1.1934316980e-05 7.3504209717e-01 2.5265259222e+03 
6.4000159253e-05 6.7767057136e-01 2.9526397276e+03 
2.0170909203e-04 6.3238348261e-01 3.0430636927e+03 
8.3539044439e-05 1.0000000000e+00 3.2236719741e+02 
5.8164865942e-05 6.9552300944e-01 2.3372214256e+03 
2.0613654552e-05 7.3268846534e-01 2.2894115071e+03 
1.5102806394e-05 7.3750213947e-01 2.3882550192e+03 
1.9658990517e-05 7.2038944606e-01 2.6205571160e+03 
3.8406126846e-05 1.0000000000e+00 1.5883700362e+03 
1.5702574417e-05 7.3895334085e-01 2.4957929963e+03 
1.5868252055e-05 7.3344869823e-01 2.3894112000e+03 
7.0786974327e-05 7.0098420750e-01 2.4072701659e+03 
5.3278647677e-05 6.9712189505e-01 2.4285923076e+03 
1.7919286873e-05 6.8471166706e-01 1.9167514776e+03 
4.4096807206e-05 6.6657467160e-01 3.0068708047e+03 
2.3413504850e-05 7.2762206280e-01 2.2811849648e+03 
9.2063725764e-06 7.2749445561e-01 2.1574948067e+03 
2.9074498454e-04 7.0495333693e-01 2.4456423716e+03 
3.7175709132e-05 7.0924485995e-01 2.3911481532e+03 
8.1624243272e-05 7.0596968093e-01 2.6331172270e+03 
2.6782632503e-05 7.3856099413e-01 2.3645425205e+03 
1.6996904780e-05 1.0000000000e+00 1.5600184067e+03 
3.7964482456e-05 7.1030261607e-01 2.2793415515e+03 
1.5334230701e-05 7.3873149314e-01 2.2414204827e+03 
2.0603450885e-05 7.1401284629e-01 2.2286480339e+03 
5.3815826456e-05 7.1471323649e-01 2.3911825270e+03 
1.8170297684e-05 1.0000000000e+00 1.7141268752e+03 
9.7036088747e-06 7.2297094455e-01 2.1570205148e+03 
1.8166586052e-05 7.4479118176e-01 2.4015449163e+03 
4.0058479834e-05 7.2071240570e-01 2.6657710202e+03 
1.1599200252e-04 6.6978140385e-01 2.1110559264e+03 
4.7743977722e-06 7.5805698517e-01 2.3222448060e+03 
1.5860390418e-05 1.0000000000e+00 1.7260229280e+03 
2.5772883807e-05 7.4810566997e-01 2.2611231463e+03 
5.5737874942e-06 7.4943206977e-01 2.5201145099e+03 
5.7823700283e-06 7.4884344041e-01 2.5275426714e+03 
2.8581628279e-05 7.2216812199e-01 2.3762988549e+03 
3.1048300933e-05 7.1279189238e-01 2.4368959772e+03 
2.7126290858e-05 1.0000000000e+00 1.8084985649e+03 
8.4827752793e-05 6.5757628872e-01 3.0365543165e+03 
7.5763362616e-06 7.5246653758e-01 2.4868377063e+03 
1.2528346278e-05 6.5476538483e-01 2.0388202838e+03 
4.8314410949e-05 7.0595520533e-01 2.3596945505e+03 
9.6851229089e-05 6.7322033283e-01 2.7207451191e+03 
3.5181961628e-05 6.5551381001e-01 1.9822723001e+03 
7.9053197878e-06 7.4292837172e-01 2.4965017413e+03 
1.1330738652e-05 7.3639035484e-01 2.4179206928e+03 
1.6141139607e-05 7.2850980478e-01 2.3287438959e+03 
2.1733445594e-04 6.5418203267e-01 2.7096312601e+03 
3.0476836835e-05 7.2413255439e-01 2.3580389083e+03 
3.6023586695e-05 7.1022330994e-01 2.6422528695e+03 
5.4572763784e-06 7.5341205117e-01 2.3091441016e+03 
2.3943949692e-05 6.8758402803e-01 1.9041662411e+03 
5.0477937837e-05 7.0943817337e-01 2.5158094681e+03 
1.3287421518e-05 1.0000000000e+00 1.4945610262e+03 
1.9194867608e-05 7.3493483593e-01 2.2970490281e+03 
1.3009493939e-05 7.5267324755e-01 2.2677939939e+03 
3.1010625321e-05 1.0000000000e+00 1.7717036325e+03 
1.4507087044e-05 7.3368758214e-01 2.3937479336e+03 
2.0787433606e-05 7.2768057336e-01 2.3102722721e+03 
1.6501199317e-05 7.3656548953e-01 2.3414864416e+03 
1.4136100166e-04 7.1440257979e-01 2.3316991871e+03 
2.7374360909e-05 7.2152099818e-01 2.3423792095e+03 
2.9613463921e-05 7.1293787709e-01 2.4065788261e+03 
5.8945335145e-05 7.0607347851e-01 2.3818068810e+03 
1.5695117377e-04 7.0402291475e-01 2.3112690282e+03 
1.4151726731e-05 7.3894493189e-01 2.5726208667e+03 
7.0489759607e-06 7.5246973555e-01 2.2925789655e+03 
4.4188397528e-06 7.5581896487e-01 2.3329374301e+03 
8.4169478175e-06 7.4692185012e-01 2.4555750031e+03 
5.5616758901e-05 6.9660845104e-01 2.2684661789e+03 
5.7665392081e-06 7.4862123838e-01 2.4934161709e+03 
1.2203780346e-05 7.4925507182e-01 2.2039434461e+03 
9.0274053306e-05 7.1156597430e-01 2.3518242386e+03 
7.2333437842e-05 6.8819963783e-01 2.6349167463e+03 
6.9268699449e-06 7.3140642982e-01 2.6109773772e+03 
3.3677889196e-05 7.1482185108e-01 2.3558503419e+03 
9.1948998838e-06 7.4932311602e-01 2.2837885253e+03 
3.5665065035e-05 7.2637199791e-01 2.3020456570e+03 
5.9091222436e-06 7.4019579050e-01 2.5718491118e+03 
1.2503911307e-05 1.0000000000e+00 1.2995019653e+03 
1.9324866739e-05 7.3509123530e-01 2.3109784037e+03 
3.9654056064e-05 7.4828583783e-01 2.4028012494e+03 
1.0286129510e-05 7.4041621389e-01 2.3028182079e+03 
1.9568021588e-05 7.2573247721e-01 2.1845548388e+03 
6.9156930593e-05 6.9911434759e-01 2.4379496036e+03 
1.3513764815e-05 7.3346989836e-01 2.6041988449e+03 
3.2415347458e-05 1.0000000000e+00 1.7632941921e+03 
1.2637788622e-05 7.4217144186e-01 2.3726200890e+03 
3.5961280027e-05 7.2680859720e-01 2.3476657126e+03 
5.5817723334e-06 7.4539098322e-01 2.1944390579e+03 
3.3348076313e-05 7.1242812236e-01 2.3127560137e+03 
3.7619401041e-05 6.9569476057e-01 2.2566647950e+03 
1.8755804222e-05 7.3205444114e-01 2.5924589389e+03 
2.6788408953e-05 7.3635076717e-01 2.2458968893e+03 
1.4776867115e-05 6.5663050934e-01 2.0245165299e+03 
1.4987949118e-05 7.2152567094e-01 2.2339666240e+03 
7.5440220866e-05 7.3012203748e-01 2.2289942784e+03 
5.5066378777e-05 6.9111097850e-01 2.2778742890e+03 
1.2281437752e-05 7.4847584230e-01 2.3057036075e+03 
1.7096107814e-04 6.8018212067e-01 2.4517291054e+03 
3.2291057303e-05 7.1397847308e-01 2.2537221786e+03 
2.3257627705e-05 6.9946273906e-01 1.8868824287e+03 
9.5766219414e-06 6.6212594650e-01 2.0514961303e+03 
2.2605854060e-05 7.3617167053e-01 2.2410875645e+03 
3.2593287820e-05 6.6397961466e-01 3.0763300739e+03 
2.5136917512e-05 7.1790972413e-01 2.3397039854e+03 
6.3581593901e-06 7.5156600453e-01 2.3152141687e+03 
1.1455991401e-05 7.0035396410e-01 1.8846661935e+03 
9.6331307591e-06 7.2144503234e-01 2.6787075797e+03 
1.0357847932e-05 7.4520445701e-01 2.3275634209e+03 
3.4091463114e-05 6.9961565870e-01 2.2395872022e+03 
3.1314374113e-05 7.0747137817e-01 2.3058999681e+03 
9.0197672042e-06 7.5098776502e-01 2.2904979606e+03 
1.9563224188e-05 6.4412133901e-01 2.0537686119e+03 
3.6595278394e-05 7.0677182221e-01 2.3341504118e+03 
1.1684552163e-05 1.0000000000e+00 3.5158249645e+02 
6.4235747162e-04 5.9586461512e-01 2.8847518004e+03 
1.2424380095e-05 7.4460675572e-01 2.2726860963e+03 
1.1803029994e-04 6.8459677740e-01 2.4525169656e+03 
9.9547207552e-06 7.5444343721e-01 2.2873689983e+03 
1.3661478313e-04 6.7817556918e-01 2.4346294940e+03 
1.9301351079e-05 6.4623301659e-01 2.0407469381e+03 
1.5815551580e-05 7.2542629281e-01 2.2643951946e+03 
1.3592866057e-05 6.9273927125e-01 1.8964603262e+03 
6.3601219207e-05 7.3007649405e-01 2.5437631655e+03 
2.0733727703e-05 7.1109775643e-01 2.6889868980e+03 
1.3172019197e-05 7.2986427765e-01 2.5692816308e+03 
5.3306595818e-05 1.0000000000e+00 4.5242805958e+02 
4.6902295597e-05 7.0376936825e-01 2.4105363307e+03 
1.0791122221e-03 5.8428154814e-01 2.8289625420e+03 
1.4139767622e-05 7.4114703747e-01 2.2947547116e+03 
2.2374522952e-05 6.4143190949e-01 2.1132991261e+03 
3.9624140245e-05 7.1435321283e-01 2.3588825959e+03 
1.9622957828e-05 6.7210016522e-01 1.9443638423e+03 
1.4139910977e-04 6.7427272372e-01 2.4860549587e+03 
3.0182939066e-05 6.9958622747e-01 2.2553326458e+03 
1.0417392411e-04 6.9158395818e-01 2.3298604909e+03 
1.9309574360e-05 7.2603616805e-01 2.4019134205e+03 
2.8851711455e-05 7.1179048534e-01 2.2892565006e+03 
1.8352741446e-04 6.9686188975e-01 2.3573086298e+03 
2.2965998991e-04 6.3277657543e-01 3.0256908117e+03 
1.0970351548e-05 7.5100746292e-01 2.2970762615e+03 
6.7166808515e-05 6.8687683991e-01 2.3211284548e+03 
9.2609118422e-06 7.4278457136e-01 2.5127865455e+03 
7.6313168543e-06 7.3853199093e-01 2.2025098820e+03 
1.1166609538e-03 5.9940744621e-01 2.7821558586e+03 
8.9245275951e-06 7.4407394534e-01 2.3431674911e+03 
1.4131923059e-05 7.4724332856e-01 2.2114231272e+03 
2.6349624935e-05 6.9778228077e-01 2.2244509851e+03 
1.1435532711e-05 6.6057899896e-01 1.9724066355e+03 
1.3468558821e-04 7.0413850781e-01 2.3569672974e+03 
1.1335361940e-05 7.4340456538e-01 2.4984505440e+03 
1.2626853125e-04 1.0000000000e+00 3.2982161034e+02 
1.8609362812e-05 7.1566811867e-01 2.7351632109e+03 
1.6980813802e-04 6.5471957508e-01 2.9711980459e+03 
3.7023414541e-05 7.0850296305e-01 2.4047603484e+03 
1.0131087598e-04 6.8556132514e-01 2.5052064248e+03 
7.7290383513e-05 6.5724590512e-01 2.1346597238e+03 
7.3012456557e-05 7.0619110781e-01 2.4674720897e+03 
5.8918444036e-06 7.5539997744e-01 2.3966971806e+03 
6.6578014815e-06 7.4888808884e-01 2.2373136858e+03 
1.7765624432e-05 6.5472188901e-01 2.0177730857e+03 
3.0666822876e-05 7.5449145300e-01 1.8311747276e+03 
2.9277702048e-05 7.1489541571e-01 2.2399514870e+03 
3.0489230728e-05 6.7828080216e-01 2.2067948729e+03 
3.9787599699e-05 7.1143495727e-01 2.3785835720e+03 
1.6857081529e-05 7.2334902734e-01 2.2659723231e+03 
3.8191187473e-05 1.0000000000e+00 1.7084066618e+03 
1.9141107634e-05 7.2819898720e-01 2.3837244513e+03 
6.8321172617e-05 6.9173035951e-01 2.5026398415e+03 
1.5121506270e-04 7.1187227057e-01 2.3610597070e+03 
2.4216579967e-05 7.2018951267e-01 2.5384960431e+03 
2.0510878001e-05 7.3876357024e-01 2.2425222521e+03 
5.1467682166e-05 7.1501702476e-01 2.1982974445e+03 
2.4604556243e-05 7.1665304039e-01 2.5803787725e+03 
1.3643649597e-04 6.8308357580e-01 2.5103295368e+03 
2.9245547277e-05 7.3895073569e-01 2.5287572569e+03 
4.6636125970e-05 6.8922194171e-01 2.2844473893e+03 
1.2106623274e-05 7.0819690653e-01 1.8740631155e+03 
2.7078674394e-05 7.1368592629e-01 2.5603931573e+03 
1.8108852142e-05 7.2141021035e-01 2.2508608192e+03 
3.4086418726e-05 7.3024661017e-01 2.4010005127e+03 
8.8377976269e-06 7.4767545666e-01 2.2565105200e+03 
1.5249069077e-04 6.8516732470e-01 2.3572298975e+03 
4.1217798732e-05 7.1595613962e-01 2.4639373467e+03 
5.0686374387e-06 7.5421578110e-01 2.3322232488e+03 
3.1875756655e-05 7.1793360317e-01 2.3033048834e+03 
6.5684810899e-05 6.8861506677e-01 2.3227342541e+03 
1.4354075353e-05 7.3912945282e-01 2.4868850856e+03 
1.8714604023e-05 7.0983520255e-01 2.2043871725e+03 
1.9074302876e-04 6.8982411337e-01 2.3698607644e+03 
1.6679203661e-04 6.3250882821e-01 3.0678245733e+03 
3.3887178519e-05 7.0188478378e-01 2.2596296236e+03 
2.7807748232e-05 1.0000000000e+00 1.0738514792e+03 
4.6213839874e-05 7.0585904662e-01 2.3616584153e+03 
1.5142014997e-05 7.4327524185e-01 2.2581140042e+03 
1.3207017960e-04 6.9739237319e-01 2.4232255463e+03 
6.5829700239e-06 7.4855478462e-01 2.2530840936e+03 
4.5684498602e-05 7.4090920117e-01 2.2278532056e+03 
4.9801655219e-05 7.0216918147e-01 2.3276709975e+03 
4.4154123764e-05 7.0747350696e-01 2.2391437512e+03 
5.2806262749e-05 7.0238313375e-01 2.3739075036e+03 
2.0147806028e-05 1.0000000000e+00 1.7604267422e+03 
5.0580023512e-06 7.5296895125e-01 2.4643533231e+03 
9.4633743443e-05 6.8329455577e-01 2.5712663693e+03 
4.7303633364e-05 7.2752877864e-01 2.2593409536e+03 
2.8508014249e-05 7.4279135034e-01 2.3227190794e+03 
5.0859100916e-05 1.0000000000e+00 3.3252392652e+02 
2.6282087024e-05 7.1146150832e-01 2.2812676135e+03 
1.4652872121e-05 1.0000000000e+00 1.7598694201e+03 
1.5200854486e-05 6.7175247174e-01 1.9366385919e+03 
4.7525190056e-05 6.5096982975e-01 2.1930860330e+03 
6.0918885164e-05 6.9148336059e-01 2.3614534774e+03 
9.8396224828e-04 5.7378917488e-01 2.8707058348e+03 
4.8404858195e-06 7.5146855355e-01 2.5099307289e+03 
1.3040293401e-04 6.8497258584e-01 2.3510612080e+03 
8.6916720655e-06 7.4406764572e-01 2.2361297118e+03 
8.1484830509e-06 7.3182619639e-01 2.6242897519e+03 
8.0248105735e-05 6.8767074182e-01 2.3059701122e+03 
1.1273604077e-04 7.1351208276e-01 2.7439448609e+03 
2.2604341659e-05 1.0000000000e+00 1.5386539434e+03 
6.4392604936e-06 7.5577971592e-01 2.3217790852e+03 
1.7378691695e-05 7.3044547081e-01 2.5756888290e+03 
1.1332285102e-05 7.2807735472e-01 2.1989538871e+03 
2.6950518061e-05 7.1254560344e-01 2.6124637071e+03 
3.6621300921e-05 7.1302878041e-01 2.3404505664e+03 
5.2662457291e-06 7.5291277117e-01 2.3201910320e+03 
1.7892178098e-05 1.0000000000e+00 1.7781224491e+03 
6.9106401404e-06 7.4526288972e-01 2.2230623509e+03 
1.4438166037e-05 7.2782143540e-01 2.5755449162e+03 
1.8650670744e-05 7.3643701243e-01 2.2968521175e+03 
3.6446957970e-05 6.4949116641e-01 2.2011102659e+03 
1.3571997111e-05 7.2387028781e-01 2.2310625193e+03 
1.5164928145e-05 1.0000000000e+00 1.6149587049e+03 
2.2937592622e-05 7.4405719656e-01 2.2425024292e+03 
1.8109004019e-05 7.2895005754e-01 2.4315413738e+03 
1.6220508926e-05 7.3243515340e-01 2.3411589665e+03 
3.6695772873e-05 1.0000000000e+00 1.6361891251e+03 
2.4541319203e-05 7.1727631292e-01 2.3257651518e+03 
4.6089352853e-05 7.1108079932e-01 2.3582224601e+03 
2.0896896563e-05 7.3357906354e-01 2.1467806114e+03 
1.6286409542e-05 1.0000000000e+00 1.7005548255e+03 
6.3430368994e-05 7.1184330998e-01 2.2504169017e+03 
1.0781125703e-05 7.3429039221e-01 2.1860475007e+03 
3.6544981929e-05 6.3588209341e-01 2.0883819220e+03 
1.4068196323e-05 7.3913155006e-01 2.2789214944e+03 
5.0470903786e-05 7.0725832607e-01 2.6705611035e+03 
2.6760113695e-05 6.4680227094e-01 2.0974891247e+03 
6.1350186768e-05 6.4345301403e-01 2.1426889592e+03 
1.6263166572e-05 7.1199679448e-01 2.1984469188e+03 
9.4674833132e-06 7.4020251683e-01 2.5539405067e+03 
1.0762054164e-04 6.7679102684e-01 2.6096805362e+03 
1.2076728682e-05 7.5796232079e-01 2.4047860336e+03 
7.5747060588e-05 6.5923342293e-01 3.0384472687e+03 
1.5949533821e-05 7.2728997093e-01 2.2474928037e+03 
2.4631624474e-05 1.0000000000e+00 3.0000000000e+02 
1.1389301124e-05 7.3668135835e-01 2.3010772082e+03 
3.6785995669e-05 7.1945742312e-01 2.4915936114e+03 
5.1227686344e-05 7.0662746029e-01 2.3389522589e+03 
1.3725460396e-04 6.7163555526e-01 2.4798998580e+03 
2.1513743965e-05 6.4851567514e-01 2.1296634284e+03 
3.6113961406e-05 7.0787256022e-01 2.7626345631e+03 
5.2874958596e-06 7.4974458522e-01 2.4885307912e+03 
4.0162814995e-05 7.0314612065e-01 2.3403026820e+03 
4.5148853690e-05 7.0303035865e-01 2.3596088603e+03 
4.5176273351e-05 7.0899131128e-01 2.3026523325e+03 
1.4737877060e-05 7.2977487863e-01 2.1486120455e+03 
2.5066022669e-05 7.2221638085e-01 2.3908400739e+03 
6.0536809352e-05 7.0900690576e-01 2.2859610136e+03 
4.3322361814e-05 7.1540218092e-01 2.4916584925e+03 
2.8629776230e-05 7.1761200588e-01 2.3934453244e+03 
8.9565411460e-06 7.4746920702e-01 2.3042340311e+03 
5.3099436525e-05 7.0681945275e-01 2.3260745145e+03 
1.1140489044e-05 6.6336211636e-01 2.0650193422e+03 
3.2977381212e-05 6.4121850176e-01 2.1212340370e+03 
8.2462514944e-05 6.8865751751e-01 2.4621532005e+03 
9.8870249364e-06 7.3378405523e-01 2.1947450218e+03 
3.2705685055e-05 6.9718622898e-01 1.8875533795e+03 
5.4735913495e-05 6.9541781713e-01 2.3869819661e+03 
2.6617385651e-05 6.3920230903e-01 2.1127564535e+03 
9.1813026434e-05 6.9609749682e-01 2.6350416060e+03 
1.1594126072e-04 6.8199409478e-01 2.6049257074e+03 
1.0781523559e-05 7.4450632902e-01 2.3767808120e+03 
1.2963389846e-05 7.3293797792e-01 2.5752204560e+03 
1.5288147440e-05 7.4376286087e-01 2.3046600217e+03 
3.0146154818e-05 7.0290609007e-01 1.8801219598e+03 
9.4774460626e-05 6.6238055148e-01 2.9793521911e+03 
1.5955616618e-05 7.3234044207e-01 2.3236903167e+03 
6.8379387548e-06 7.4838395764e-01 2.4424397515e+03 
1.7952274644e-05 7.4686071288e-01 2.1930386325e+03 
6.2043465301e-06 7.5295992833e-01 2.3235945614e+03 
7.3342520979e-06 7.4253290700e-01 2.2201639488e+03 
3.8185583510e-05 6.5833674129e-01 3.0940028047e+03 
9.4720499990e-06 1.0000000000e+00 1.7645662552e+03 
2.1648940470e-05 7.3126029508e-01 2.3383030043e+03 
2.2115452638e-05 6.5330301547e-01 1.9865522058e+03 
1.0802788227e-05 6.9936894259e-01 1.8852149394e+03 
1.2450634156e-05 7.2963752230e-01 2.6223777701e+03 
4.0336178846e-05 6.9612925475e-01 2.7711090518e+03 
8.4668716880e-04 1.0000000000e+00 1.0050420769e+03 
1.7630321813e-05 7.2155262076e-01 2.2641015088e+03 
1.1545732934e-05 6.8670784322e-01 2.1390971695e+03 
2.0140962377e-05 7.2139222277e-01 2.4234502548e+03 
8.5338670819e-05 6.7855608952e-01 2.8480104354e+03 
2.9157321321e-05 7.1709697723e-01 2.2576413296e+03 
6.7417360233e-06 7.3713093606e-01 2.6003217119e+03 
7.8315926391e-06 7.3894465626e-01 2.5676490883e+03 
2.2161172571e-04 6.7983290702e-01 2.4724204055e+03 
1.2949574264e-04 6.4341920033e-01 3.0514563743e+03 
3.7321061725e-05 6.6076990724e-01 1.9637837538e+03 
6.4019358027e-06 7.5220818028e-01 2.2910782898e+03 
2.4664669551e-05 7.1216474130e-01 2.2589748578e+03 
5.2142664486e-05 6.9887060971e-01 2.3243570042e+03 
1.0423392090e-05 7.4085102633e-01 2.4262378454e+03 
1.4563799410e-04 1.0000000000e+00 3.3086336837e+02 
2.1474246559e-05 1.0000000000e+00 4.7124665404e+02 
4.3560705641e-05 7.0353913875e-01 2.4669936627e+03 
9.4330786477e-06 1.0000000000e+00 1.5755378023e+03 
3.4920206685e-05 6.9996836965e-01 2.7374891213e+03 
1.0164234876e-04 6.9573119573e-01 2.4003525393e+03 
7.6548413329e-05 7.0339427872e-01 2.2730128206e+03 
3.1328096936e-05 7.1156445417e-01 2.3234523180e+03 
2.7264853134e-05 1.0000000000e+00 1.7636332062e+03 
1.0687758673e-04 6.8963906602e-01 2.5122793024e+03 
3.8114757262e-05 7.0767860872e-01 2.4441806172e+03 
1.1701345382e-05 1.0000000000e+00 1.4210966318e+03 
1.8191753976e-05 7.2205042643e-01 2.2535242173e+03 
8.5469485194e-05 7.0494612877e-01 2.4738513073e+03 
1.4986169118e-05 7.2844274152e-01 2.6408453003e+03 
1.6533083200e-04 6.3708098860e-01 3.0481704346e+03 
4.8327773483e-06 7.5145086833e-01 2.4862699275e+03 
6.4449210744e-06 7.4782443201e-01 2.2730705761e+03 
9.5969658296e-05 7.1223421387e-01 2.2188126119e+03 
1.6465845365e-05 6.7896768165e-01 2.1470510782e+03 
1.6152311530e-04 1.0000000000e+00 3.5600435861e+02 
2.1803852561e-04 6.5336462982e-01 2.7297038777e+03 
5.1565864308e-05 6.9955666788e-01 2.5861176445e+03 
1.7397368309e-05 7.2927499364e-01 2.2958597636e+03 
1.2728610981e-05 7.3340859797e-01 2.5508980431e+03 
1.8168544969e-05 7.0848884297e-01 2.7553710226e+03 
2.3811571968e-05 7.3188821993e-01 2.3142060836e+03 
8.8168516253e-05 6.9337146472e-01 2.4840479373e+03 
1.0038823423e-05 7.3483086975e-01 2.1999426461e+03 
2.3595505413e-05 7.2479693234e-01 2.3616153747e+03 
2.7623202049e-05 6.9742859394e-01 2.1999101224e+03 
2.2857247888e-05 7.1005526690e-01 2.2405487255e+03 
7.0913549778e-06 7.5917707105e-01 2.3789367888e+03 
1.9674025608e-05 7.2206264002e-01 2.4276811797e+03 
1.3234421683e-05 7.3212453833e-01 2.3049418520e+03 
8.9720034929e-06 7.4245437506e-01 2.2653146380e+03 
4.2497582487e-05 7.0480247447e-01 2.3947268297e+03 
5.9135103004e-05 7.2668225353e-01 2.3046238814e+03 
1.7179177557e-05 7.3759499647e-01 2.3528464984e+03 
5.1365776753e-05 6.4029725873e-01 2.0976089305e+03 
2.5411531263e-05 7.2832782129e-01 2.3600639948e+03 
1.1281131661e-05 7.3841190184e-01 2.4352577580e+03 
2.5364448067e-05 7.3412635942e-01 2.3751429511e+03 
3.0649690755e-04 6.4932361330e-01 2.8825376688e+03 
1.5009302729e-05 1.0000000000e+00 1.6676260545e+03 
1.3083122819e-05 7.1562932353e-01 2.7577299850e+03 
1.3279218837e-05 7.3834738730e-01 2.2397005901e+03 
2.1443072514e-05 7.2905692403e-01 2.6202570770e+03 
3.4952591554e-04 6.7583165265e-01 2.5524122430e+03 
9.4079905032e-06 7.4248203192e-01 2.4298730076e+03 
7.1814847807e-06 7.4775101613e-01 2.3107157336e+03 
1.1295568618e-05 1.0000000000e+00 1.7805630509e+03 
6.3575094069e-06 7.4512659928e-01 2.2129957916e+03 
1.1859828498e-05 7.4716054713e-01 2.2369123462e+03 
3.7771464030e-05 7.2933482010e-01 2.5671126602e+03 
2.5281384495e-05 7.2708065187e-01 2.3446407694e+03 
1.9303935437e-05 7.2978557317e-01 2.3181039931e+03 
1.4035424403e-04 6.8050875299e-01 2.4537373319e+03 
1.6971986855e-05 6.7674831869e-01 1.9304374039e+03 
4.3177264356e-05 7.0418126925e-01 2.3413084252e+03 
2.4151516264e-05 7.0220299458e-01 2.1432145730e+03 
2.4311298896e-05 7.4286079275e-01 2.1804140879e+03 
1.6982677298e-05 7.2393483940e-01 2.1958073236e+03 
6.6011694062e-06 7.5504654955e-01 2.2402125271e+03 
4.6596124580e-04 6.2716928950e-01 2.8791301203e+03 
7.7236370679e-05 6.9803451433e-01 2.3314392004e+03 
1.5786796961e-05 6.8534262053e-01 1.9089733530e+03 
1.0808559885e-05 6.9056745317e-01 2.1425793387e+03 
2.3091863925e-05 1.0000000000e+00 1.7941920094e+03 
7.6707053995e-05 6.9635846487e-01 2.2350189921e+03 
1.8416613771e-05 7.3432176145e-01 2.5008553377e+03 
1.0401270568e-05 7.1969375177e-01 2.1657490981e+03 
1.3369356057e-04 6.6901898775e-01 2.8051754145e+03 
6.5644170583e-05 7.0297815313e-01 2.6544982309e+03 
5.8088582142e-06 7.5993700885e-01 2.3804661266e+03 
3.0365110416e-05 7.2092258443e-01 2.1916447478e+03 
2.0908693075e-05 7.1449460182e-01 2.2069783124e+03 
1.2903558376e-04 1.0000000000e+00 5.8590007823e+02 
9.6832197728e-06 7.2248154060e-01 2.7113236742e+03 
5.9738314532e-05 6.5546242318e-01 1.9850367828e+03 
3.4533201848e-05 7.0688618173e-01 2.6107486098e+03 
5.7832150624e-05 7.0585976312e-01 2.2712487143e+03 
9.9864994274e-05 6.8373337194e-01 2.4574387685e+03 
8.3829016238e-06 7.3203656358e-01 2.5841107005e+03 
1.4977282494e-05 7.2126023768e-01 2.6366318915e+03 
2.1462521552e-05 7.3363826438e-01 2.3029957304e+03 
1.4579573292e-05 7.3223863762e-01 2.5293510489e+03 
7.3688620233e-05 6.7135521378e-01 1.9428236489e+03 
3.7730675687e-05 6.5513464609e-01 2.0775895231e+03 
2.4229916635e-05 7.1436232894e-01 2.2376047986e+03 
2.2067654835e-05 7.2036466679e-01 2.3188843675e+03 
8.2270966915e-05 7.0111338441e-01 2.2744079415e+03 
1.5233695665e-05 7.3475977114e-01 2.3584894801e+03 
1.1866420331e-05 7.4096044976e-01 2.3988456497e+03 
3.3258448472e-05 6.4566483163e-01 2.0578702089e+03 
2.2703883669e-05 7.3334505709e-01 2.3449503340e+03 
6.4606424342e-06 7.5279179798e-01 2.2954263349e+03 
3.1317393552e-05 7.2842885979e-01 2.3572409467e+03 
6.6046802249e-05 7.5010921202e-01 2.3300222112e+03 
2.3036504824e-05 7.1573266046e-01 2.6414482936e+03 
1.2994170856e-05 7.4710522970e-01 2.3022868856e+03 
5.7105125318e-05 1.0000000000e+00 1.6698822532e+03 
1.4118876928e-04 7.0312498282e-01 2.3790219029e+03 
5.3988203936e-05 1.0000000000e+00 3.5210970232e+02 
1.1551160739e-05 7.3561777817e-01 2.3104956922e+03 
1.1827249671e-05 6.6084988140e-01 1.9766553960e+03 
2.0958426997e-05 7.1098312071e-01 2.6859431680e+03 
4.8131337968e-05 6.9819680048e-01 2.3575192613e+03 
6.5610677502e-05 7.1092852889e-01 2.1971066397e+03 
4.5359275699e-05 7.0823892400e-01 2.3631730501e+03 
1.5185196865e-05 7.3041187252e-01 2.4232044189e+03 
4.3651417021e-05 6.6226791383e-01 1.9585280429e+03 
5.0033843978e-06 7.5491390082e-01 2.3327516628e+03 
9.9198762916e-05 7.1678379620e-01 2.3977727556e+03 
8.9632755365e-05 7.0073545729e-01 2.4599898621e+03 
1.4864008482e-05 7.3303633296e-01 2.3075496497e+03 
4.7484682928e-05 6.3569307351e-01 2.0916561532e+03 
1.2932611055e-05 1.0000000000e+00 1.6309063217e+03 
4.2612752936e-05 6.9231268785e-01 2.2692573294e+03 
3.6106774351e-05 6.3507859769e-01 2.1053790211e+03 
2.4711710308e-05 7.1545044957e-01 2.3207538932e+03 
1.5901221709e-05 6.5113646648e-01 2.0090830769e+03 
1.1223159980e-05 6.8904413781e-01 2.1122484998e+03 
1.3720818214e-05 7.1487156526e-01 2.7643007258e+03 
4.5890833319e-05 7.1028105931e-01 2.3685857588e+03 
3.8068999958e-05 7.3441527009e-01 2.3190758087e+03 
2.5202867508e-05 7.1701986610e-01 2.2333702819e+03 
4.7139144660e-05 6.8495957215e-01 2.2851581931e+03 
4.7270217180e-06 7.5574566557e-01 2.3470140126e+03 
2.9977888508e-05 7.0507526631e-01 2.2414272608e+03 
6.2227512436e-06 7.5245626579e-01 2.5047768206e+03 
2.2916877827e-05 1.0000000000e+00 1.1055977482e+03 
9.3291834409e-06 7.4163105974e-01 2.2866095321e+03 
2.2050399412e-05 6.4401251029e-01 2.0737056751e+03 
7.9624350061e-05 7.1282004101e-01 2.2469380890e+03 
1.3729782085e-05 7.3282078997e-01 2.3126090767e+03 
5.5461484629e-06 7.5101985894e-01 2.2670044453e+03 
1.8405732620e-05 7.2668886918e-01 2.2766592248e+03 
7.7113314216e-06 7.4758035367e-01 2.4165997519e+03 
3.0111435262e-05 7.0781425182e-01 2.6811596961e+03 
1.1524464343e-05 7.4443330678e-01 2.5432576443e+03 
1.2461308317e-05 7.5106289015e-01 2.4238376842e+03 
7.1195137094e-06 7.5621251220e-01 2.4588359530e+03 
3.8368224701e-05 6.8815624134e-01 2.1984704548e+03 
2.1034132613e-05 7.1662241941e-01 2.6439514457e+03 
2.0233659637e-05 6.6752355041e-01 2.1017737581e+03 
2.3950271500e-05 7.2447079584e-01 2.3502765109e+03 
8.5033213306e-05 6.9045682249e-01 2.3953610930e+03 
3.6045892039e-05 7.1735721171e-01 2.6098113535e+03 
2.5063622527e-05 7.2456255870e-01 2.3891746796e+03 
1.9257339753e-05 7.2481825440e-01 2.4212030885e+03 
7.6466451310e-06 7.4422261529e-01 2.1990727337e+03 
2.0888638918e-05 7.3073014661e-01 2.5843279769e+03 
1.2382842939e-05 7.4542098396e-01 2.1942610399e+03 
3.8288794925e-05 6.9538920919e-01 2.2699774230e+03 
2.4182974440e-05 7.2464627990e-01 2.1922313945e+03 
4.9906262410e-05 6.9804109559e-01 2.3999905332e+03 
3.6735618064e-05 7.1207400912e-01 2.2978882139e+03 
4.4392862296e-05 7.2636731750e-01 2.3776639895e+03 
2.1924059595e-05 7.3981781681e-01 2.5208830506e+03 
1.2651462519e-05 7.3567072101e-01 2.5408687241e+03 
9.0085066534e-05 7.3689410504e-01 2.5563744889e+03 
2.4522187305e-05 7.3595099882e-01 2.3361968187e+03 
6.1230988456e-05 7.1502221402e-01 2.3739323035e+03 
1.8268421540e-05 1.0000000000e+00 1.7580170257e+03 
1.9437086059e-05 7.3154036071e-01 2.3612818170e+03 
2.0858172636e-05 7.0826867080e-01 2.2095439573e+03 
1.0208570964e-04 6.9082621460e-01 2.6697805619e+03 
1.3082517577e-05 7.3881377642e-01 2.3084001896e+03 
3.7616860826e-05 6.8898064559e-01 2.2557191010e+03 
2.0993608209e-05 7.3690533591e-01 2.3287784741e+03 
8.9262422333e-05 7.0570700718e-01 2.3794892452e+03 
2.0797124354e-05 6.5036546701e-01 2.0221381084e+03 
1.3129926186e-05 1.0000000000e+00 1.6761600514e+03 
3.7027113403e-05 6.9979414839e-01 2.2786048000e+03 
5.7979716104e-05 6.9756591450e-01 2.2620387704e+03 
1.9124242615e-05 7.4903120104e-01 2.3359224326e+03 
3.3859954520e-05 6.4469701250e-01 2.0641310229e+03 
3.0306200183e-05 6.6707615791e-01 2.1465386474e+03 
5.3739967447e-05 7.0066594453e-01 2.4380628703e+03 
7.6473481752e-05 6.9102834225e-01 2.8441142147e+03 
5.5104108155e-06 7.5252340802e-01 2.2837736428e+03 
1.2131436459e-05 1.0000000000e+00 1.4418428935e+03 
1.8980525117e-05 7.3546687236e-01 1.8446623462e+03 
6.6008624953e-06 7.5197495180e-01 2.2600975584e+03 
9.3772513447e-06 7.4292450738e-01 2.2799789192e+03 
9.6880889255e-06 7.4300706814e-01 2.4927652939e+03 
9.9600645013e-06 7.6930121028e-01 1.8246632355e+03 
7.3013048512e-06 7.3845568260e-01 2.1975830668e+03 
9.2328554103e-06 7.5026448051e-01 2.4666641884e+03 
3.7796728927e-05 7.1325672319e-01 2.3973392889e+03 
1.1890393867e-05 7.2987845853e-01 2.1590453682e+03 
1.0857217201e-05 7.4039448083e-01 2.3527692470e+03 
4.1211659017e-05 6.8239538199e-01 2.2573988442e+03 
1.8893108933e-05 7.1934741647e-01 2.1957545389e+03 
2.8176128082e-05 7.2489926602e-01 2.2718837198e+03 
8.6926481655e-06 7.3261597055e-01 2.5968779725e+03 
3.5042144612e-05 7.4313795164e-01 2.3009469307e+03 
2.7183035449e-05 6.4179249081e-01 2.0317712567e+03 
6.0112307866e-06 7.4778229070e-01 2.5194693847e+03 
2.7221685308e-05 7.1175398101e-01 1.8700148048e+03 
3.2902903590e-05 6.5136175538e-01 2.0396344025e+03 
3.6250531232e-05 7.1251465197e-01 2.3713992310e+03 
1.1817834850e-04 6.3895710392e-01 3.0762828143e+03 
1.7717976026e-05 7.2576506071e-01 2.3045773094e+03 
6.3065480687e-05 6.5825068983e-01 3.0547368327e+03 
5.5494313082e-05 7.0959094606e-01 2.3431901258e+03 
7.6369850346e-06 7.3566598957e-01 2.1764392272e+03 
2.3236200922e-05 7.1954141541e-01 2.3627297018e+03 
1.6199551107e-05 7.1746504051e-01 2.6742354606e+03 
1.9402376695e-05 7.5009082335e-01 2.3428277401e+03 
1.1711247259e-05 7.3519293226e-01 2.2364927497e+03 
6.3586625589e-06 7.5405905732e-01 2.4569527666e+03 
7.3784349833e-05 6.9940945211e-01 2.2099934961e+03 
1.5223670934e-05 7.3310878427e-01 2.3815224628e+03 
2.2388916792e-05 7.3439805684e-01 2.2883350984e+03 
4.5189113233e-05 7.3670880800e-01 2.2987133580e+03 
1.3862031144e-05 1.0000000000e+00 1.5323453930e+03 
1.7341454094e-04 6.3955932484e-01 3.0350912919e+03 
7.2288505397e-06 7.4824669253e-01 2.3312470151e+03 
2.0131569026e-05 7.3918662206e-01 2.3098165105e+03 
1.0541893941e-05 7.3788101520e-01 2.3138337632e+03 
2.2998309743e-05 7.2423739920e-01 2.2414275959e+03 
2.4614479455e-05 7.3180193243e-01 2.3834945020e+03 
4.7850004196e-05 6.8706839643e-01 2.2850883736e+03 
1.7452758760e-05 6.7234951817e-01 2.1121903644e+03 
3.9128690852e-05 6.4133474777e-01 2.1318096755e+03 
9.5078185008e-06 7.2195930743e-01 2.6990305921e+03 
2.0408173562e-05 7.2705499040e-01 2.4072870362e+03 
2.3666640809e-05 7.2150452510e-01 2.3385909973e+03 
4.9164681205e-05 7.1824018549e-01 2.6688235452e+03 
3.0337301000e-05 7.1368488752e-01 2.5936145884e+03 
1.3741694551e-05 7.3308091764e-01 2.5405594837e+03 
9.3910480210e-06 7.3827624294e-01 2.2615137013e+03 
7.0020674976e-06 7.5142605137e-01 2.2175993809e+03 
3.7440320092e-05 7.1365169402e-01 2.3947748410e+03 
2.3277452078e-05 7.3165998906e-01 2.3851627847e+03 
6.7538153372e-05 7.0450778019e-01 2.4025790896e+03 
8.7851268914e-06 7.5629497772e-01 2.2737747858e+03 
2.7077961903e-04 6.7700308946e-01 2.5881816343e+03 
5.8258462761e-06 7.5361491219e-01 2.4371583279e+03 
1.8473312671e-05 7.3646630465e-01 2.3975731135e+03 
1.0559411054e-04 1.0000000000e+00 1.7128603676e+03 
1.8057930791e-05 1.0000000000e+00 1.3270239830e+03 
1.2051097160e-05 7.2979156444e-01 2.6289355400e+03 
1.6025681633e-05 7.4062187516e-01 2.5253879828e+03 
1.5038462310e-05 7.3659059481e-01 2.3128668663e+03 
2.5469105074e-05 7.3314291566e-01 2.2570563856e+03 
5.4115526622e-05 7.0510994789e-01 2.2142670072e+03 
1.2549277603e-05 1.0000000000e+00 1.7254313251e+03 
1.6650879304e-04 6.5564556564e-01 2.9708207909e+03 
5.1004476210e-05 7.0192186440e-01 2.4088839952e+03 
1.0674195926e-05 7.3919833482e-01 2.4693935910e+03 
1.3287492969e-05 7.5264382579e-01 2.2447109275e+03 
1.3020267357e-04 6.7589431265e-01 2.4589406870e+03 
1.1997530636e-05 7.3912670291e-01 2.4922789694e+03 
4.6467514345e-05 6.8878976733e-01 2.2797424083e+03 
