Mass [kg]        Velocity [m s-1]    Theta [rad]    CO2 [wt. frac]    
1.8179991116e-07 1.7739617472e+04 5.2776217211e-01 0.0000000000e+00 
2.4433624640e-10 1.5268469377e+04 4.0394028800e-01 0.0000000000e+00 
1.7733357707e-08 3.6744310326e+04 1.4941923972e+00 0.0000000000e+00 
2.9320000000e-04 3.1634047229e+04 1.4312004844e+00 0.0000000000e+00 
3.2292389867e-09 1.1276500277e+04 8.9372207044e-01 0.0000000000e+00 
1.4295559405e-09 2.4420328618e+04 9.8069887896e-01 0.0000000000e+00 
1.1106898912e-07 2.2625379797e+04 5.5476100916e-01 0.0000000000e+00 
1.0493064006e-08 1.9956097185e+04 8.0402727065e-01 0.0000000000e+00 
1.3282713923e-09 3.7319208086e+04 1.1860088567e+00 0.0000000000e+00 
1.1088752198e-09 2.6844145048e+04 6.4720111926e-01 0.0000000000e+00 
1.1035387733e-09 1.5219058453e+04 7.6035342949e-01 0.0000000000e+00 
8.5150251092e-05 3.3798528427e+04 8.5463703705e-01 0.0000000000e+00 
4.1147563483e-09 3.9582179255e+04 8.0895405783e-01 0.0000000000e+00 
7.8803935773e-10 2.3639812065e+04 4.6749375559e-01 0.0000000000e+00 
1.7044435463e-07 1.2250443389e+04 8.4925557327e-01 0.0000000000e+00 
1.2718131140e-08 1.6960862108e+04 9.4369240129e-01 0.0000000000e+00 
1.3618577988e-08 3.7498478823e+04 1.1303787668e+00 0.0000000000e+00 
1.1231852783e-08 2.2977837072e+04 6.5628401267e-01 0.0000000000e+00 
1.1046600411e-04 3.7344458524e+04 1.2076388101e+00 0.0000000000e+00 
1.4089345232e-06 3.3060781708e+04 1.1186719346e+00 0.0000000000e+00 
2.1706894340e-10 1.4892300309e+04 8.5639890617e-01 0.0000000000e+00 
8.9572227655e-08 2.0489281290e+04 8.4292532374e-01 0.0000000000e+00 
8.0495098623e-09 3.1922021231e+04 7.7237309332e-01 0.0000000000e+00 
1.2759772297e-07 1.7831918841e+04 9.9102841690e-01 0.0000000000e+00 
6.5291469059e-08 3.6502023854e+04 1.1424165952e+00 0.0000000000e+00 
2.9320000000e-04 2.7372547188e+04 7.4167072243e-01 0.0000000000e+00 
1.3150039328e-08 1.2475502975e+04 1.3389010213e+00 0.0000000000e+00 
1.6205645073e-06 2.8401607446e+04 5.3997809628e-01 0.0000000000e+00 
3.6499849446e-09 1.3738065743e+04 5.7086734126e-01 0.0000000000e+00 
1.1816747228e-07 3.6903803426e+04 5.7818221617e-01 0.0000000000e+00 
1.3191405750e-07 3.6547472823e+04 7.6423600849e-01 0.0000000000e+00 
1.1686364975e-09 1.6122674961e+04 1.1366095307e+00 0.0000000000e+00 
3.0257862655e-10 2.6533416463e+04 6.4359528707e-01 0.0000000000e+00 
1.6169950099e-10 1.2886276663e+04 6.3654295993e-01 0.0000000000e+00 
1.4855565518e-09 1.7187997039e+04 6.5726035416e-01 0.0000000000e+00 
3.0722605705e-09 1.5339079567e+04 1.0026040962e+00 0.0000000000e+00 
4.5805655887e-06 2.1341771264e+04 4.3034471411e-01 0.0000000000e+00 
3.1357021804e-10 3.4486431343e+04 8.3426922733e-01 0.0000000000e+00 
4.0403136983e-08 1.3322827020e+04 9.0834891500e-01 0.0000000000e+00 
1.7239669228e-10 1.4207166444e+04 1.1251103520e+00 0.0000000000e+00 
1.6768854415e-08 3.1025987529e+04 2.6975416407e-01 0.0000000000e+00 
2.9320000000e-04 3.0580132390e+04 1.9222542424e-01 0.0000000000e+00 
8.7696832020e-11 1.9527090687e+04 8.3085574383e-01 0.0000000000e+00 
1.7173075186e-08 3.4452367000e+04 1.1333057671e+00 0.0000000000e+00 
5.9621282794e-08 2.9035878609e+04 5.6007889898e-01 0.0000000000e+00 
1.3708750249e-06 1.3303519235e+04 5.2887039740e-01 0.0000000000e+00 
3.2965892733e-11 1.8278483031e+04 1.1129371440e+00 0.0000000000e+00 
4.1378374545e-09 3.0767398350e+04 4.4266876471e-01 0.0000000000e+00 
2.6023763810e-06 1.3523187201e+04 6.0882447476e-01 0.0000000000e+00 
1.0290224711e-09 2.5638269677e+04 3.5319298080e-01 0.0000000000e+00 
4.9395962314e-10 3.2596794801e+04 9.1530507692e-01 0.0000000000e+00 
1.3281618273e-09 1.1914821615e+04 6.4084034881e-01 0.0000000000e+00 
2.2519081732e-07 2.5792658302e+04 6.2441590041e-01 0.0000000000e+00 
1.4513246495e-06 3.4501104566e+04 6.6992604930e-01 0.0000000000e+00 
1.4872963076e-07 2.6635382177e+04 5.1411287181e-01 0.0000000000e+00 
2.8331917251e-10 1.7156279237e+04 1.2384529127e+00 0.0000000000e+00 
1.0449332356e-09 1.4725548760e+04 5.7623198580e-01 0.0000000000e+00 
2.1074411517e-07 2.3703226904e+04 3.4585764898e-01 0.0000000000e+00 
3.2517196774e-06 3.1828130285e+04 8.7831532808e-01 0.0000000000e+00 
9.3986126577e-07 2.9465934104e+04 3.3982598090e-01 0.0000000000e+00 
5.2330358833e-08 1.1414163385e+04 7.0347689379e-01 0.0000000000e+00 
3.2704795967e-09 2.0658002812e+04 6.2989139335e-01 0.0000000000e+00 
4.4119772905e-11 3.7154405383e+04 8.7314310803e-01 0.0000000000e+00 
3.2394319799e-09 2.8118397983e+04 3.1269170672e-01 0.0000000000e+00 
2.3068207886e-07 1.4310851472e+04 8.6918858751e-01 0.0000000000e+00 
5.3199331092e-10 1.9067536386e+04 1.1951881174e+00 0.0000000000e+00 
1.9159449880e-09 3.6952002638e+04 1.2551923827e+00 0.0000000000e+00 
3.7624725889e-09 1.3913357161e+04 8.4759255631e-01 0.0000000000e+00 
4.3623168728e-07 2.8344815271e+04 1.1167429769e+00 0.0000000000e+00 
1.4577492198e-06 3.3022847492e+04 1.1699421116e+00 0.0000000000e+00 
7.0794514830e-08 2.1776173176e+04 1.3469099270e+00 0.0000000000e+00 
1.0192754152e-09 2.3436431372e+04 1.2895963671e+00 0.0000000000e+00 
3.1814736334e-08 2.0411724700e+04 8.6674494624e-01 0.0000000000e+00 
6.1852396534e-10 3.9664357060e+04 1.0547673114e+00 0.0000000000e+00 
5.4116447848e-08 3.2878260598e+04 6.6677443678e-01 0.0000000000e+00 
1.1171567868e-08 1.4528137750e+04 5.9699467390e-01 0.0000000000e+00 
3.3056772171e-08 2.2452755557e+04 1.4332270245e+00 0.0000000000e+00 
1.3264086006e-07 3.8607694291e+04 2.3801863377e-01 0.0000000000e+00 
2.9320000000e-04 3.7013493908e+04 1.1148770115e+00 0.0000000000e+00 
2.9320000000e-04 3.1050069137e+04 8.4504617083e-01 0.0000000000e+00 
2.7673456191e-09 3.3725424144e+04 5.6085454314e-01 0.0000000000e+00 
9.2061798420e-09 2.0574107115e+04 5.2958254248e-01 0.0000000000e+00 
1.7430754382e-05 3.2066793028e+04 6.8030587611e-01 0.0000000000e+00 
1.0561121482e-07 1.8197418580e+04 9.2035912487e-01 0.0000000000e+00 
3.5056544329e-10 3.3186607615e+04 1.2626771749e+00 0.0000000000e+00 
3.1719937063e-09 2.0591947517e+04 8.3971067998e-01 0.0000000000e+00 
2.9585614175e-08 2.7410885257e+04 1.2002935158e+00 0.0000000000e+00 
1.1052945810e-10 2.0839493620e+04 4.8745558377e-01 0.0000000000e+00 
6.5128573587e-09 3.8821079610e+04 1.0491247439e+00 0.0000000000e+00 
1.0626900536e-05 1.5682808708e+04 3.6846472954e-01 0.0000000000e+00 
9.2821760963e-09 1.8102995111e+04 6.2681199807e-01 0.0000000000e+00 
4.5519012126e-05 3.3840017734e+04 2.4741437569e-01 0.0000000000e+00 
3.7126801387e-08 3.6219304185e+04 1.2715927845e+00 0.0000000000e+00 
5.0955945714e-08 3.3691475646e+04 8.1248694294e-01 0.0000000000e+00 
1.9693504840e-09 2.9085194781e+04 3.7911695353e-02 0.0000000000e+00 
1.8902809754e-07 1.6547706605e+04 4.9641331169e-01 0.0000000000e+00 
2.4983634731e-09 3.7142562043e+04 4.9818797512e-01 0.0000000000e+00 
7.7544494845e-09 3.9125559975e+04 5.0462557530e-01 0.0000000000e+00 
1.5364612043e-08 2.9370941059e+04 1.4062080050e+00 0.0000000000e+00 
3.4808642180e-09 2.5887755410e+04 1.1056716862e+00 0.0000000000e+00 
9.9918554774e-09 3.1622864903e+04 2.9431979334e-01 0.0000000000e+00 
3.0170038591e-09 2.6946551714e+04 4.8557583199e-01 0.0000000000e+00 
4.0922696864e-09 2.4029834689e+04 8.6955251944e-01 0.0000000000e+00 
1.7031948291e-08 3.5974261342e+04 6.3129822653e-01 0.0000000000e+00 
9.4454431651e-11 1.2059851856e+04 9.8997087088e-01 0.0000000000e+00 
1.9281163093e-08 3.9375681181e+04 8.0174215068e-01 0.0000000000e+00 
2.9822682839e-10 1.9632821835e+04 1.0485712336e+00 0.0000000000e+00 
2.8579033506e-09 3.2419087895e+04 9.1226251912e-01 0.0000000000e+00 
1.2519892118e-10 2.3262447902e+04 1.0167597422e+00 0.0000000000e+00 
2.5396374203e-09 3.1313261986e+04 5.2016436484e-01 0.0000000000e+00 
2.6595863148e-08 2.0296473660e+04 5.2695260370e-02 0.0000000000e+00 
2.9320000000e-04 2.3923608113e+04 7.9206052572e-01 0.0000000000e+00 
1.7979376286e-10 3.1429175752e+04 4.3718940815e-01 0.0000000000e+00 
1.8162849554e-06 1.4848015312e+04 1.0381544397e+00 0.0000000000e+00 
2.2333574011e-08 1.4927091569e+04 8.9216081995e-01 0.0000000000e+00 
1.6642332394e-10 1.6204858836e+04 7.3680813311e-01 0.0000000000e+00 
3.9531308343e-09 2.1048843829e+04 9.1259999066e-01 0.0000000000e+00 
9.2317072389e-10 1.4471850535e+04 4.8156013654e-01 0.0000000000e+00 
1.1530267179e-10 2.6559159148e+04 3.1896586516e-01 0.0000000000e+00 
5.8885932230e-07 1.4480411402e+04 3.6431971138e-01 0.0000000000e+00 
3.6767647035e-09 1.5935413346e+04 9.8933554311e-01 0.0000000000e+00 
1.0072066248e-08 3.9239646765e+04 9.1823792358e-01 0.0000000000e+00 
2.3168740912e-08 3.1140782641e+04 6.6586978823e-01 0.0000000000e+00 
2.9320000000e-04 2.9780380831e+04 5.1846278077e-01 0.0000000000e+00 
7.3159998235e-08 2.4381809560e+04 9.5148458491e-01 0.0000000000e+00 
1.3997657741e-07 3.3759871079e+04 1.1111739141e+00 0.0000000000e+00 
3.6755257206e-09 1.6797278770e+04 2.9282749955e-01 0.0000000000e+00 
4.6804702823e-10 1.9903067730e+04 4.6987205520e-01 0.0000000000e+00 
2.5894176866e-06 1.6116692331e+04 1.0556916543e+00 0.0000000000e+00 
2.1851221869e-08 3.0985149375e+04 1.1818935292e+00 0.0000000000e+00 
3.8419154898e-09 3.0769158767e+04 9.2328094244e-01 0.0000000000e+00 
8.2593073027e-09 3.8570784297e+04 7.4318908767e-01 0.0000000000e+00 
3.2605670533e-09 2.8526194423e+04 1.2268781281e-01 0.0000000000e+00 
7.9178898953e-09 3.1744378305e+04 1.3241205928e+00 0.0000000000e+00 
8.2153736481e-09 3.4696614086e+04 5.7324370540e-01 0.0000000000e+00 
2.6558338439e-09 2.8178705828e+04 5.3578941954e-01 0.0000000000e+00 
7.1431661322e-09 3.9155713774e+04 6.2225527947e-01 0.0000000000e+00 
2.7750862372e-10 1.2815598385e+04 1.0329359212e+00 0.0000000000e+00 
3.9413026350e-11 2.9298712293e+04 9.8512874458e-01 0.0000000000e+00 
1.1386128415e-08 3.3413094303e+04 9.0625582249e-01 0.0000000000e+00 
1.4438457393e-10 3.7711606383e+04 1.2751128942e+00 0.0000000000e+00 
7.6981275514e-09 3.4593811248e+04 7.7280724775e-01 0.0000000000e+00 
8.0613422765e-11 3.1669141297e+04 9.4407754273e-01 0.0000000000e+00 
1.1024189311e-07 2.4167951370e+04 7.9113925280e-01 0.0000000000e+00 
2.7389896296e-08 1.2380970058e+04 3.0274150295e-01 0.0000000000e+00 
1.5220878802e-10 2.6490358379e+04 5.0592473155e-01 0.0000000000e+00 
1.8171499812e-08 1.1808063965e+04 1.1050848788e+00 0.0000000000e+00 
6.0480012930e-05 1.1754426945e+04 1.5029554528e-01 0.0000000000e+00 
7.5147342559e-07 2.3394765566e+04 9.7895727985e-02 0.0000000000e+00 
7.0198929561e-10 2.0008939538e+04 8.2472895129e-01 0.0000000000e+00 
7.3973381840e-08 2.6669534457e+04 1.3030957447e+00 0.0000000000e+00 
2.2134186662e-09 1.7966371148e+04 5.5719924619e-01 0.0000000000e+00 
4.5757950535e-07 1.9462683246e+04 1.1784974621e+00 0.0000000000e+00 
9.6764970351e-10 2.0956326219e+04 7.7754014610e-01 0.0000000000e+00 
6.8997564543e-08 2.0442568975e+04 1.0521688207e+00 0.0000000000e+00 
2.2346141146e-09 1.5349910578e+04 6.6490514474e-01 0.0000000000e+00 
2.4661066527e-05 3.8137893793e+04 9.6193575801e-03 0.0000000000e+00 
6.5018206950e-09 1.6998295389e+04 3.3455683730e-01 0.0000000000e+00 
1.9058713089e-10 3.8354140985e+04 8.6160950453e-01 0.0000000000e+00 
1.9275556558e-08 3.6759655140e+04 6.5134369657e-01 0.0000000000e+00 
2.9719318758e-05 3.9109835244e+04 3.7687952778e-01 0.0000000000e+00 
1.4246789567e-08 3.7862329778e+04 7.1265906645e-01 0.0000000000e+00 
1.3533039911e-10 3.5040135633e+04 4.8191312793e-01 0.0000000000e+00 
5.3077339919e-11 2.2259273801e+04 3.3281340916e-01 0.0000000000e+00 
4.1226950292e-10 2.1853182170e+04 6.9943988445e-01 0.0000000000e+00 
3.9127743726e-10 2.0977932824e+04 7.1682222800e-01 0.0000000000e+00 
5.2096363576e-09 3.7242550877e+04 8.5351401023e-01 0.0000000000e+00 
6.5396991187e-09 3.7268577829e+04 1.2235069483e+00 0.0000000000e+00 
5.6563529553e-11 1.7466347684e+04 7.5711983406e-01 0.0000000000e+00 
2.8378320924e-08 1.6311204401e+04 1.1344907207e+00 0.0000000000e+00 
2.9514300915e-09 3.2283209949e+04 9.1648621519e-01 0.0000000000e+00 
6.2626407217e-10 3.0500686915e+04 7.3372792621e-01 0.0000000000e+00 
9.5405721871e-11 3.6009100708e+04 1.2416560057e+00 0.0000000000e+00 
1.0235971318e-05 1.1517217647e+04 1.5632704560e-01 0.0000000000e+00 
5.8915673314e-09 2.3513121523e+04 5.7046574450e-01 0.0000000000e+00 
1.9180574371e-10 1.3254513334e+04 1.2477040471e+00 0.0000000000e+00 
3.5255083395e-08 2.6670702793e+04 4.3365096444e-01 0.0000000000e+00 
3.3189139226e-05 2.0111220691e+04 2.7340356263e-01 0.0000000000e+00 
4.7645379211e-09 3.4118135148e+04 9.8575305182e-01 0.0000000000e+00 
3.4755217544e-07 3.5320392991e+04 8.0631318773e-01 0.0000000000e+00 
4.9687555361e-11 3.5184068174e+04 5.4021920354e-01 0.0000000000e+00 
1.1535416179e-07 3.7926406063e+04 9.7083076697e-01 0.0000000000e+00 
2.9320000000e-04 1.4850682747e+04 7.5653422956e-01 0.0000000000e+00 
3.1861286350e-07 3.6167713763e+04 1.2115392239e+00 0.0000000000e+00 
3.5710347794e-08 2.3585622463e+04 2.3269403776e-01 0.0000000000e+00 
1.9686054886e-06 3.0521582610e+04 1.1560972594e+00 0.0000000000e+00 
7.1966712380e-11 3.4068695479e+04 5.2783392208e-02 0.0000000000e+00 
4.8481479498e-10 3.6927153833e+04 7.6599364698e-01 0.0000000000e+00 
2.4774874085e-09 2.6824325183e+04 7.6632642084e-01 0.0000000000e+00 
3.7687686947e-10 3.0957120344e+04 1.0451202083e+00 0.0000000000e+00 
1.0117966637e-08 2.6915079331e+04 5.5157403516e-01 0.0000000000e+00 
6.2594640289e-09 3.6868621263e+04 8.7030088760e-01 0.0000000000e+00 
1.2844484372e-09 3.5596391682e+04 1.7469033016e-01 0.0000000000e+00 
1.1830262330e-10 2.2881289150e+04 8.0028168093e-01 0.0000000000e+00 
1.7692228788e-07 2.6517891071e+04 1.3265625479e+00 0.0000000000e+00 
8.3539448647e-10 1.1248686754e+04 9.0483022162e-01 0.0000000000e+00 
7.3912517080e-09 2.5729664919e+04 3.5589250228e-01 0.0000000000e+00 
1.9825883437e-09 3.5539101026e+04 1.2839421867e+00 0.0000000000e+00 
1.1989167105e-09 3.2943404130e+04 1.0368670088e+00 0.0000000000e+00 
3.9234011253e-08 2.4157350329e+04 1.1421652293e+00 0.0000000000e+00 
4.5683224649e-08 3.8652752789e+04 2.6700764594e-01 0.0000000000e+00 
2.9655361091e-10 3.9580979288e+04 1.0216160755e+00 0.0000000000e+00 
2.6694637243e-11 2.8501195424e+04 1.2618750409e+00 0.0000000000e+00 
8.5777160107e-08 3.4220261813e+04 1.1861376475e+00 0.0000000000e+00 
2.9320000000e-04 2.2918286653e+04 1.0374879822e+00 0.0000000000e+00 
2.1554456447e-06 3.5833035741e+04 4.5300844003e-01 0.0000000000e+00 
4.8360289542e-08 2.9761943362e+04 5.0336608102e-01 0.0000000000e+00 
1.3757690640e-10 3.9337199061e+04 9.3461819575e-01 0.0000000000e+00 
7.6118125878e-10 3.9957345263e+04 7.2388089237e-01 0.0000000000e+00 
1.1874428539e-06 3.2560032684e+04 5.4446734682e-01 0.0000000000e+00 
2.6405478717e-11 2.9308860180e+04 1.1678137834e+00 0.0000000000e+00 
4.0792641014e-10 2.7939123418e+04 1.2754972318e+00 0.0000000000e+00 
2.6668910751e-10 1.5699275358e+04 4.3803939467e-01 0.0000000000e+00 
1.5388266827e-09 2.0610207476e+04 9.8621163997e-01 0.0000000000e+00 
5.0897663841e-07 3.4334787086e+04 8.7381146939e-01 0.0000000000e+00 
4.1933823010e-06 1.5225843793e+04 9.3222967419e-01 0.0000000000e+00 
2.2321387410e-08 2.4905756188e+04 4.7319897856e-01 0.0000000000e+00 
5.8965852899e-10 3.2213822681e+04 1.4821509154e-01 0.0000000000e+00 
2.5653454539e-05 3.1704633226e+04 8.7458358126e-01 0.0000000000e+00 
2.1283874444e-10 1.2547762482e+04 6.9464449649e-01 0.0000000000e+00 
6.7137607269e-10 1.4257576874e+04 1.0068751084e+00 0.0000000000e+00 
1.5615126773e-06 1.7490086827e+04 1.0090167514e+00 0.0000000000e+00 
4.8520405218e-09 3.8239697828e+04 3.5162253089e-01 0.0000000000e+00 
1.3910027125e-10 1.5130485930e+04 6.9957434823e-01 0.0000000000e+00 
3.8579933489e-10 1.9670796524e+04 6.2538464607e-01 0.0000000000e+00 
8.2130344896e-05 2.3173345745e+04 1.6116334582e-01 0.0000000000e+00 
9.1341207770e-06 1.9739326069e+04 5.8562292527e-01 0.0000000000e+00 
8.1598936618e-08 2.4586945429e+04 5.7196615062e-01 0.0000000000e+00 
1.9598388778e-08 3.0790176725e+04 1.2053746648e+00 0.0000000000e+00 
4.6442267735e-11 3.4249824450e+04 7.6977513384e-01 0.0000000000e+00 
3.1949913455e-08 2.0717990586e+04 1.0339827497e+00 0.0000000000e+00 
2.6597933174e-10 2.5965143751e+04 7.3697864081e-01 0.0000000000e+00 
4.6235652002e-11 3.5102435927e+04 5.6431481556e-01 0.0000000000e+00 
4.1914220476e-11 2.7855298906e+04 3.3157405998e-01 0.0000000000e+00 
9.0315029089e-09 2.9512699766e+04 1.3783878929e-01 0.0000000000e+00 
1.2822012206e-08 2.5069504419e+04 5.0460879087e-01 0.0000000000e+00 
1.6428154941e-06 1.7623807936e+04 1.4392526984e+00 0.0000000000e+00 
8.9668874511e-10 3.1983475806e+04 3.1744172875e-01 0.0000000000e+00 
2.1643669199e-07 2.8733582569e+04 6.9272453936e-01 0.0000000000e+00 
9.9966934690e-07 3.8088525045e+04 8.0356656055e-01 0.0000000000e+00 
4.6624734088e-11 3.1944565394e+04 2.1838951548e-01 0.0000000000e+00 
5.6489770493e-09 2.1839603490e+04 8.2739386720e-01 0.0000000000e+00 
1.2218062826e-07 1.1706247775e+04 4.6328609961e-01 0.0000000000e+00 
9.5025018915e-10 2.2928168697e+04 7.3849492500e-01 0.0000000000e+00 
2.9249199292e-10 3.9780974208e+04 9.9967235439e-01 0.0000000000e+00 
1.2997649905e-08 2.1366304781e+04 3.6146407286e-01 0.0000000000e+00 
1.4659006011e-07 3.6253941562e+04 8.0609882786e-01 0.0000000000e+00 
8.6363032358e-07 1.2329326608e+04 1.0502672271e+00 0.0000000000e+00 
6.8843878617e-07 1.5891526107e+04 1.1802033769e+00 0.0000000000e+00 
4.9559758266e-09 2.1264394992e+04 3.8951220548e-01 0.0000000000e+00 
6.0611337053e-08 1.5670933264e+04 1.7928350685e-01 0.0000000000e+00 
4.6840375634e-07 1.7961640883e+04 8.3824581395e-02 0.0000000000e+00 
1.0563496394e-08 2.6962317852e+04 4.8973048111e-01 0.0000000000e+00 
2.2634685334e-09 3.8257801173e+04 4.2180967622e-01 0.0000000000e+00 
2.9320000000e-04 1.5471619527e+04 8.8040187491e-01 0.0000000000e+00 
2.9320000000e-04 3.4316636687e+04 1.4614902315e+00 0.0000000000e+00 
7.3270522310e-11 1.6644205622e+04 7.6974063954e-01 0.0000000000e+00 
5.5294536037e-10 3.0240393405e+04 7.0085599970e-01 0.0000000000e+00 
8.5774318832e-05 2.5687432608e+04 7.8087211187e-01 0.0000000000e+00 
1.2696682021e-09 2.3389192013e+04 1.3522787109e+00 0.0000000000e+00 
3.7957860550e-10 1.4928502669e+04 7.3444293619e-01 0.0000000000e+00 
5.0945644418e-06 3.0187173826e+04 7.7839790415e-01 0.0000000000e+00 
2.4024621230e-11 2.6166519778e+04 1.1241132506e+00 0.0000000000e+00 
1.1697154093e-07 2.6611121839e+04 1.1937014073e+00 0.0000000000e+00 
2.0263891945e-08 2.8202071643e+04 9.1086505319e-01 0.0000000000e+00 
8.4856263323e-09 3.8881666678e+04 4.7766410228e-01 0.0000000000e+00 
1.8189977199e-08 3.4322624656e+04 1.1585070485e+00 0.0000000000e+00 
1.1356339311e-07 1.4621843555e+04 6.1419119303e-01 0.0000000000e+00 
1.2851642413e-06 2.1776793813e+04 8.6939427728e-01 0.0000000000e+00 
5.1214560364e-11 2.2103769860e+04 8.3243091914e-01 0.0000000000e+00 
2.8801425787e-05 1.1890757549e+04 1.0349123608e+00 0.0000000000e+00 
8.8129478090e-11 2.6315427437e+04 7.9769031229e-01 0.0000000000e+00 
1.5241622458e-08 2.3872326061e+04 4.7294929215e-01 0.0000000000e+00 
7.9114926898e-11 2.6944596830e+04 8.4307529285e-01 0.0000000000e+00 
6.1749609621e-05 2.4043335171e+04 4.8027110697e-02 0.0000000000e+00 
2.3096525108e-06 1.6291549147e+04 1.0663227794e+00 0.0000000000e+00 
1.2543263841e-06 1.3513932221e+04 1.1176079459e+00 0.0000000000e+00 
9.7089446130e-10 3.0676413374e+04 1.1483214135e+00 0.0000000000e+00 
2.8840914990e-09 2.0611892052e+04 6.4272770046e-01 0.0000000000e+00 
3.6846758967e-08 3.5406404849e+04 1.0252340108e+00 0.0000000000e+00 
2.7043634295e-06 3.2444138122e+04 1.0618776667e+00 0.0000000000e+00 
5.1479940699e-09 3.5501750558e+04 1.2312139229e+00 0.0000000000e+00 
6.3468061260e-07 2.1294186760e+04 9.7252877629e-01 0.0000000000e+00 
1.1732714126e-09 3.7816551476e+04 1.2835413922e+00 0.0000000000e+00 
1.2540286461e-05 1.3216462155e+04 7.6887917854e-01 0.0000000000e+00 
1.7437133246e-09 2.0414068830e+04 6.3832581419e-01 0.0000000000e+00 
3.5746979580e-09 3.4879608824e+04 1.3809600410e+00 0.0000000000e+00 
5.5529286705e-09 1.3933169209e+04 1.1572896092e+00 0.0000000000e+00 
5.3692390535e-05 2.2734131853e+04 3.6582430336e-01 0.0000000000e+00 
5.7242577364e-07 3.6291144838e+04 9.0721741530e-01 0.0000000000e+00 
1.9911184648e-10 2.7013112886e+04 4.0789872417e-01 0.0000000000e+00 
1.8863638437e-09 2.1461476603e+04 3.0366330769e-01 0.0000000000e+00 
9.9461644156e-09 1.5361244471e+04 4.3649652529e-01 0.0000000000e+00 
1.5068626245e-08 1.6732555695e+04 1.2642567868e+00 0.0000000000e+00 
4.0374784344e-08 1.8406994859e+04 9.2118914216e-01 0.0000000000e+00 
6.1342801938e-08 2.6189647020e+04 1.1335920003e+00 0.0000000000e+00 
1.6976912556e-06 1.8754072525e+04 1.0875065306e+00 0.0000000000e+00 
4.1968624686e-09 2.1252469208e+04 5.8301448206e-01 0.0000000000e+00 
2.9226919898e-07 3.1433537421e+04 7.7818879772e-01 0.0000000000e+00 
2.4327938362e-10 1.7899807464e+04 5.2851660621e-01 0.0000000000e+00 
1.7355942623e-06 1.6384076269e+04 7.4229382639e-01 0.0000000000e+00 
2.0174155226e-08 3.1656707328e+04 6.9844925165e-01 0.0000000000e+00 
2.2298677779e-07 2.0783527723e+04 6.7869770348e-01 0.0000000000e+00 
3.7029747989e-07 2.8351399798e+04 3.8974072450e-01 0.0000000000e+00 
2.5079170583e-08 3.7356377344e+04 1.2943924864e-01 0.0000000000e+00 
6.6281641713e-09 1.9694475134e+04 1.0511251540e+00 0.0000000000e+00 
1.4556350451e-07 3.5117968964e+04 8.0277567430e-01 0.0000000000e+00 
1.9941562330e-05 1.6375874945e+04 2.3985119612e-01 0.0000000000e+00 
8.5379282634e-10 1.5051592864e+04 1.2544829808e+00 0.0000000000e+00 
5.4519377780e-07 1.5603677080e+04 8.7779030820e-01 0.0000000000e+00 
1.3715049020e-10 1.8853850264e+04 1.3406024010e+00 0.0000000000e+00 
1.3374294257e-06 3.6718029885e+04 9.1471188158e-01 0.0000000000e+00 
9.2316268336e-08 1.6541099948e+04 1.0763630044e+00 0.0000000000e+00 
6.1517448255e-08 2.6235546496e+04 1.1570718973e+00 0.0000000000e+00 
3.7471485791e-11 2.2644037325e+04 1.0993012947e+00 0.0000000000e+00 
1.1225475465e-09 1.9153794384e+04 4.9615792659e-01 0.0000000000e+00 
4.8389639852e-10 1.9623128418e+04 2.7547165848e-01 0.0000000000e+00 
6.5701725292e-09 3.7011684051e+04 5.8608077911e-01 0.0000000000e+00 
9.9277180650e-08 1.2373130453e+04 1.4033662471e+00 0.0000000000e+00 
1.4990224238e-04 2.1891293801e+04 3.0725263730e-01 0.0000000000e+00 
2.4723611792e-07 2.3056872494e+04 1.1144910984e+00 0.0000000000e+00 
2.1347110772e-10 1.2651635157e+04 5.5496432102e-01 0.0000000000e+00 
8.1924348731e-07 3.5924041192e+04 4.6201000548e-01 0.0000000000e+00 
7.6316278962e-09 3.7413198199e+04 1.9922220779e-01 0.0000000000e+00 
2.3755341693e-04 1.5623003480e+04 9.7420028986e-01 0.0000000000e+00 
8.5888999276e-08 2.9007438610e+04 6.1733101344e-02 0.0000000000e+00 
6.3194281412e-06 2.1641924032e+04 7.1657078468e-01 0.0000000000e+00 
3.5373745435e-07 3.1799261312e+04 1.2464473964e+00 0.0000000000e+00 
3.5986864398e-07 3.6466933831e+04 4.7568380041e-01 0.0000000000e+00 
3.7098070440e-09 1.9337716582e+04 1.1000283352e+00 0.0000000000e+00 
9.0063170059e-05 1.6493863118e+04 9.7844640325e-01 0.0000000000e+00 
3.0026818134e-09 2.0747512926e+04 1.2576248646e+00 0.0000000000e+00 
1.0029931314e-09 3.6543210820e+04 7.0729256125e-01 0.0000000000e+00 
1.8726346881e-07 3.3742331801e+04 3.4275089500e-01 0.0000000000e+00 
1.2966552890e-09 2.0643938490e+04 6.2190643215e-01 0.0000000000e+00 
4.5514431659e-10 2.1207235531e+04 4.1896183158e-01 0.0000000000e+00 
5.4042774042e-09 3.0932218016e+04 1.4256684642e+00 0.0000000000e+00 
1.6088564895e-08 1.8172879943e+04 8.1966093066e-01 0.0000000000e+00 
6.3576576103e-09 2.8392763039e+04 7.6346238979e-01 0.0000000000e+00 
5.8662380171e-09 3.1848516711e+04 1.3705804029e+00 0.0000000000e+00 
7.4130233532e-08 3.2650380647e+04 8.3808346534e-01 0.0000000000e+00 
2.9320000000e-04 2.0487682006e+04 1.1342208897e+00 0.0000000000e+00 
5.7991442569e-09 1.7742505063e+04 6.6045762511e-01 0.0000000000e+00 
4.2384944086e-10 3.8283161486e+04 6.2589014707e-01 0.0000000000e+00 
4.1153935005e-08 1.9165111654e+04 3.9424299626e-01 0.0000000000e+00 
8.7980994698e-10 3.8178610665e+04 8.2884341966e-01 0.0000000000e+00 
8.9843166601e-10 1.1319376394e+04 3.2680850929e-01 0.0000000000e+00 
1.0281747617e-09 3.7398469706e+04 6.9873622915e-01 0.0000000000e+00 
2.6345371049e-11 3.8448210465e+04 1.0341469734e+00 0.0000000000e+00 
1.6748559535e-09 1.3493570552e+04 8.7317591067e-01 0.0000000000e+00 
2.6121911775e-10 2.3667827913e+04 1.1445108161e+00 0.0000000000e+00 
2.9320000000e-04 2.7808354384e+04 9.4476391510e-01 0.0000000000e+00 
6.3675442279e-10 2.3862114794e+04 1.3451858695e+00 0.0000000000e+00 
1.8272931840e-07 1.8140533582e+04 2.8159445525e-01 0.0000000000e+00 
1.2834349634e-06 2.4456502832e+04 8.1630294819e-01 0.0000000000e+00 
2.4251922394e-10 2.1928588712e+04 1.1088535388e+00 0.0000000000e+00 
7.7098291567e-09 3.9324247017e+04 1.0224907688e+00 0.0000000000e+00 
1.3481684451e-09 1.6128055508e+04 1.3773866169e+00 0.0000000000e+00 
1.5900457994e-09 2.6220606735e+04 5.9526169078e-01 0.0000000000e+00 
1.0013700526e-10 2.8071693504e+04 3.9554547558e-01 0.0000000000e+00 
1.1700645005e-08 3.4545419859e+04 5.6428592465e-01 0.0000000000e+00 
1.6318580913e-05 3.5599742123e+04 1.4939738868e+00 0.0000000000e+00 
3.5751914853e-08 1.7407502732e+04 1.0093945876e+00 0.0000000000e+00 
5.9298952000e-11 3.5325461157e+04 9.6273150147e-01 0.0000000000e+00 
7.1740562839e-11 2.0411456546e+04 7.8331182857e-01 0.0000000000e+00 
9.9193534335e-09 1.3582886228e+04 5.8191677393e-01 0.0000000000e+00 
2.9320000000e-04 3.3847637465e+04 4.7609709136e-01 0.0000000000e+00 
4.8445022000e-09 3.1655453271e+04 6.4397089193e-01 0.0000000000e+00 
1.8369540257e-08 3.8972989386e+04 4.1724784512e-01 0.0000000000e+00 
1.5489270917e-04 1.9617904487e+04 4.8267634269e-01 0.0000000000e+00 
1.1951876687e-10 1.4605162782e+04 1.1427471051e+00 0.0000000000e+00 
1.1581440245e-07 1.7182554863e+04 1.2349495711e+00 0.0000000000e+00 
6.8098471140e-11 3.9332638307e+04 6.2770457730e-01 0.0000000000e+00 
4.4641465268e-07 2.4992392104e+04 6.2194831457e-01 0.0000000000e+00 
2.5076131997e-09 3.7915983299e+04 3.7611216022e-01 0.0000000000e+00 
4.4534587669e-10 3.9201841980e+04 5.6079224243e-01 0.0000000000e+00 
4.3595505880e-10 1.8068083647e+04 5.4187410109e-01 0.0000000000e+00 
1.7915771278e-08 2.1800174033e+04 7.9875152267e-01 0.0000000000e+00 
5.1824621150e-09 1.4602135968e+04 1.3120890105e+00 0.0000000000e+00 
7.2599304557e-11 1.2108849551e+04 1.0501115406e+00 0.0000000000e+00 
1.0889774838e-09 2.1746336825e+04 6.1951302966e-01 0.0000000000e+00 
1.8619348409e-09 2.8105130244e+04 2.3089250902e-01 0.0000000000e+00 
7.4535705286e-07 1.5250224032e+04 7.3203077096e-01 0.0000000000e+00 
1.7409561331e-09 2.0441915465e+04 6.7414017314e-01 0.0000000000e+00 
2.8970342170e-10 1.8285657684e+04 3.5522040513e-01 0.0000000000e+00 
3.3352889234e-08 2.3072492463e+04 1.2481813303e+00 0.0000000000e+00 
1.0609676657e-10 1.8635814101e+04 5.3129625785e-01 0.0000000000e+00 
1.6069859564e-08 3.3526916478e+04 9.2017964920e-01 0.0000000000e+00 
5.8659544385e-11 2.0546180951e+04 8.6234688739e-01 0.0000000000e+00 
2.9320000000e-04 3.3123213090e+04 1.2877686743e+00 0.0000000000e+00 
4.2782015392e-08 2.1509304580e+04 7.2513094588e-01 0.0000000000e+00 
9.4900195094e-07 1.3689060736e+04 7.4056869805e-01 0.0000000000e+00 
2.1789197996e-09 1.3943307589e+04 7.7023062570e-01 0.0000000000e+00 
2.9320000000e-04 3.5510963307e+04 3.1887869881e-01 0.0000000000e+00 
1.3738362665e-09 3.4332983456e+04 8.9611344194e-01 0.0000000000e+00 
1.3085083710e-08 3.0083506957e+04 3.6833544197e-01 0.0000000000e+00 
1.3664717624e-07 1.8262712650e+04 3.3511881138e-01 0.0000000000e+00 
1.6846054457e-09 3.2961993756e+04 3.3909927301e-01 0.0000000000e+00 
2.4487293782e-10 2.1470788229e+04 7.1815718811e-01 0.0000000000e+00 
9.3669107650e-08 1.1565888228e+04 2.6415986402e-01 0.0000000000e+00 
2.9320000000e-04 3.7020956992e+04 2.3348653098e-01 0.0000000000e+00 
4.4893309942e-09 1.3539505109e+04 3.3818536257e-01 0.0000000000e+00 
1.2422228269e-06 2.8226226052e+04 1.1536281211e+00 0.0000000000e+00 
1.2820747122e-08 3.5891508474e+04 1.0924484854e+00 0.0000000000e+00 
3.1059980602e-10 1.3010513216e+04 9.4996074011e-01 0.0000000000e+00 
3.6664752158e-10 2.4091293646e+04 6.7074003972e-01 0.0000000000e+00 
2.7276689252e-09 3.6668984040e+04 1.0894478880e+00 0.0000000000e+00 
7.2414506059e-09 2.0269308240e+04 8.0599302537e-01 0.0000000000e+00 
4.5164871921e-09 3.9156771418e+04 1.3342271684e+00 0.0000000000e+00 
7.1328579466e-07 3.3222585833e+04 5.3550315008e-01 0.0000000000e+00 
1.8711043018e-10 1.8081208010e+04 1.0448120921e+00 0.0000000000e+00 
9.2628419226e-09 2.6078168235e+04 4.6817225989e-01 0.0000000000e+00 
5.3345400211e-06 3.1600214399e+04 1.1128065568e+00 0.0000000000e+00 
2.9236362443e-09 3.8316786749e+04 1.0476555025e+00 0.0000000000e+00 
1.4914313010e-10 2.3311171822e+04 8.1069915632e-01 0.0000000000e+00 
2.9320000000e-04 1.5381785752e+04 4.9226584266e-01 0.0000000000e+00 
9.9827950538e-11 3.1351324809e+04 1.3426117412e+00 0.0000000000e+00 
3.0629679447e-11 2.8945398552e+04 1.0423704818e+00 0.0000000000e+00 
3.5955027286e-09 2.8526576465e+04 1.1337807071e+00 0.0000000000e+00 
3.5490783122e-10 1.6042392576e+04 6.4619802188e-01 0.0000000000e+00 
1.8964946886e-07 1.6957912817e+04 6.9670773684e-01 0.0000000000e+00 
1.7793441521e-07 2.7802013432e+04 1.2795618077e+00 0.0000000000e+00 
2.6164048703e-08 3.2342385292e+04 1.2668916554e+00 0.0000000000e+00 
1.8269420258e-06 1.4135940456e+04 7.5505608650e-01 0.0000000000e+00 
2.4406931491e-09 3.9286701367e+04 2.3419834697e-01 0.0000000000e+00 
2.3223599703e-09 3.5130234738e+04 3.8922430534e-01 0.0000000000e+00 
4.7390629753e-08 3.6341032975e+04 5.4058368735e-01 0.0000000000e+00 
7.0730202868e-10 1.2578175233e+04 5.0153708473e-01 0.0000000000e+00 
2.4692859603e-11 2.1454736608e+04 1.3227483291e-01 0.0000000000e+00 
1.8873677228e-09 1.4305215518e+04 2.4280376390e-01 0.0000000000e+00 
1.0607391091e-08 1.6116266144e+04 9.5646857646e-01 0.0000000000e+00 
1.1349368580e-06 2.4379099017e+04 7.9131077775e-01 0.0000000000e+00 
9.1657495003e-09 1.3275555715e+04 6.9576468310e-01 0.0000000000e+00 
1.5391937564e-09 1.2522564907e+04 3.0641583485e-01 0.0000000000e+00 
2.8824160707e-06 2.8247334347e+04 7.6863772121e-01 0.0000000000e+00 
1.7624781440e-10 3.1546336096e+04 6.5325498108e-01 0.0000000000e+00 
1.3581621990e-06 2.6574763549e+04 4.5153275569e-01 0.0000000000e+00 
1.4113688617e-10 2.6020428076e+04 8.1178854150e-01 0.0000000000e+00 
6.0144546008e-09 2.2549715915e+04 6.6931313047e-01 0.0000000000e+00 
2.9399603629e-08 3.5792198825e+04 1.7138631075e-01 0.0000000000e+00 
2.6212130350e-07 2.0116659274e+04 6.5154318093e-01 0.0000000000e+00 
8.0024720712e-09 3.6180835428e+04 7.2365180078e-01 0.0000000000e+00 
4.8634302373e-08 3.2633830705e+04 1.1048766966e+00 0.0000000000e+00 
6.1355617133e-10 3.2329657816e+04 4.9595333955e-01 0.0000000000e+00 
3.8865604019e-09 2.7482582344e+04 7.8344250968e-01 0.0000000000e+00 
2.4373683518e-06 3.1287226554e+04 6.6761767793e-01 0.0000000000e+00 
1.3250276376e-10 2.0485298969e+04 8.2459034042e-01 0.0000000000e+00 
8.0497260496e-09 3.6673731836e+04 1.3174135415e+00 0.0000000000e+00 
9.2492707187e-08 1.7870335263e+04 3.8999381245e-01 0.0000000000e+00 
1.9103823140e-09 2.3767662678e+04 8.2451256585e-01 0.0000000000e+00 
9.8858056731e-09 2.7971314873e+04 1.2632243777e+00 0.0000000000e+00 
2.6452767274e-08 2.5018714174e+04 4.4870373388e-01 0.0000000000e+00 
1.3752761979e-10 1.9946591712e+04 3.9675808167e-01 0.0000000000e+00 
1.1452748121e-07 2.2781590239e+04 1.1420178478e+00 0.0000000000e+00 
9.4577247866e-10 2.4336357547e+04 1.2562442762e+00 0.0000000000e+00 
2.2942380764e-09 2.1765475753e+04 1.1788057592e+00 0.0000000000e+00 
6.3866526641e-10 2.8255092144e+04 7.4907268875e-01 0.0000000000e+00 
4.9118096200e-09 2.8597490865e+04 9.5082019754e-01 0.0000000000e+00 
4.4286858648e-06 1.6265195412e+04 1.1780231781e+00 0.0000000000e+00 
5.9155878887e-11 1.1781947393e+04 5.9668270985e-01 0.0000000000e+00 
7.6792295340e-05 2.1502212366e+04 1.4450020812e+00 0.0000000000e+00 
4.7108489369e-11 1.3176692501e+04 4.2206682566e-01 0.0000000000e+00 
3.5117702125e-07 3.2529454078e+04 5.5627606629e-01 0.0000000000e+00 
9.8972659038e-10 3.8290743717e+04 1.1403007088e+00 0.0000000000e+00 
1.7042719355e-09 2.7308616645e+04 9.7081492088e-02 0.0000000000e+00 
1.9772656929e-10 2.9625031258e+04 1.2696839765e+00 0.0000000000e+00 
5.3151402507e-08 3.8546611451e+04 1.8458253893e-01 0.0000000000e+00 
4.3089054391e-07 1.3939413243e+04 1.2324924366e+00 0.0000000000e+00 
5.9039283391e-08 1.1545836136e+04 8.5677625735e-01 0.0000000000e+00 
9.1192897632e-08 3.8413000828e+04 7.3404924778e-01 0.0000000000e+00 
1.2139357264e-07 2.0570818432e+04 9.8997917847e-01 0.0000000000e+00 
9.2672451731e-10 1.5210246497e+04 3.2632256652e-01 0.0000000000e+00 
4.6486504842e-09 1.6638925611e+04 7.5212605912e-01 0.0000000000e+00 
4.5064162510e-10 1.8092026006e+04 1.1883054828e-01 0.0000000000e+00 
8.2304230201e-10 2.7480410757e+04 6.5537995479e-01 0.0000000000e+00 
2.5584563323e-09 3.2746084758e+04 6.8156223884e-01 0.0000000000e+00 
2.4676020265e-11 3.9588079103e+04 5.9561721283e-01 0.0000000000e+00 
5.3610894494e-09 1.9056042784e+04 7.3997201181e-01 0.0000000000e+00 
2.9320000000e-04 2.8586555969e+04 1.2394688529e+00 0.0000000000e+00 
2.8891822275e-09 2.1801441150e+04 7.2847930394e-01 0.0000000000e+00 
6.4278693897e-10 3.8925980475e+04 7.8551513494e-01 0.0000000000e+00 
2.9320000000e-04 2.7738668548e+04 3.5911813880e-01 0.0000000000e+00 
6.1183738342e-09 3.4656317591e+04 6.2761468213e-01 0.0000000000e+00 
9.1820296749e-07 2.6806435475e+04 5.7534653593e-01 0.0000000000e+00 
1.5566445978e-06 2.3824703888e+04 1.0998557559e+00 0.0000000000e+00 
3.2727474272e-08 2.4011048457e+04 5.5892184120e-01 0.0000000000e+00 
4.3304156327e-10 1.4076398825e+04 1.0895464248e+00 0.0000000000e+00 
1.0310939637e-08 2.3997009328e+04 1.4119389837e+00 0.0000000000e+00 
6.1343241447e-11 3.0764033245e+04 8.6786440917e-01 0.0000000000e+00 
3.0659500510e-11 2.1624264903e+04 1.9126225350e-01 0.0000000000e+00 
9.4444961308e-11 3.2046587742e+04 5.9479346323e-01 0.0000000000e+00 
3.9303697780e-07 2.8501700047e+04 8.6025615779e-01 0.0000000000e+00 
2.4365974773e-08 2.6806430906e+04 7.4294534264e-01 0.0000000000e+00 
5.2208261329e-08 3.1278993117e+04 1.1743822874e+00 0.0000000000e+00 
5.3694416483e-07 3.7353934981e+04 1.3099454129e+00 0.0000000000e+00 
2.0375808091e-09 3.5843873644e+04 4.1147741848e-01 0.0000000000e+00 
1.7640566356e-08 2.7523973109e+04 4.9263468452e-01 0.0000000000e+00 
4.8165327630e-09 1.4043382136e+04 5.9390967889e-01 0.0000000000e+00 
3.3812639426e-09 3.9340159232e+04 1.5496110571e+00 0.0000000000e+00 
5.6376345750e-09 2.8056497035e+04 5.4711065736e-01 0.0000000000e+00 
8.3973409198e-06 3.8610184345e+04 1.1216772963e+00 0.0000000000e+00 
5.7901864911e-06 3.1571064640e+04 9.8937939145e-01 0.0000000000e+00 
7.8995312279e-06 1.5217149910e+04 1.0415428655e+00 0.0000000000e+00 
6.8423490072e-09 2.6385129084e+04 1.2056795612e+00 0.0000000000e+00 
1.9108228900e-10 1.8257879576e+04 5.8117105120e-01 0.0000000000e+00 
8.2350021326e-10 3.3775502055e+04 1.2154537586e+00 0.0000000000e+00 
5.0305497295e-08 1.2989726257e+04 9.7396646160e-01 0.0000000000e+00 
4.3401231819e-09 2.6399104229e+04 7.6635005600e-02 0.0000000000e+00 
1.4544948757e-06 2.2310592627e+04 1.4206471750e+00 0.0000000000e+00 
4.3523676042e-10 3.6883919852e+04 9.9735044557e-01 0.0000000000e+00 
1.4818399363e-09 3.7760231588e+04 7.8275911619e-01 0.0000000000e+00 
1.8735084961e-09 1.3318749361e+04 4.2076193556e-01 0.0000000000e+00 
3.0189259740e-09 1.1278128091e+04 4.9722681995e-01 0.0000000000e+00 
2.2484715897e-07 3.0211197241e+04 8.5822836529e-01 0.0000000000e+00 
2.4253495810e-05 2.1512223830e+04 1.1315518679e+00 0.0000000000e+00 
5.1095508790e-09 1.6295292729e+04 6.8308097965e-01 0.0000000000e+00 
2.6317253347e-07 3.6261721287e+04 1.3672055649e+00 0.0000000000e+00 
1.0045782843e-07 2.0468464289e+04 9.3515359419e-01 0.0000000000e+00 
5.8977572030e-11 3.2456449319e+04 3.0078494662e-01 0.0000000000e+00 
1.6507182690e-09 3.9144011125e+04 8.6301395629e-01 0.0000000000e+00 
3.2432797093e-07 1.9837307031e+04 3.2904449936e-01 0.0000000000e+00 
6.0504037867e-09 1.1955897743e+04 9.9716882445e-01 0.0000000000e+00 
8.1147348057e-10 3.2913525651e+04 6.3696139987e-01 0.0000000000e+00 
1.3788823684e-08 2.7470089966e+04 3.2954496089e-01 0.0000000000e+00 
2.4597333299e-10 2.9367974511e+04 4.7670803321e-01 0.0000000000e+00 
8.6681058686e-10 2.2703641026e+04 3.8650803939e-01 0.0000000000e+00 
8.4997999171e-07 3.3025856122e+04 1.0737061501e+00 0.0000000000e+00 
3.9589415638e-09 2.1363197433e+04 5.6855159072e-01 0.0000000000e+00 
3.6562117056e-08 3.7932204053e+04 4.6023143009e-01 0.0000000000e+00 
8.6918945574e-09 3.8884009100e+04 3.3722809631e-01 0.0000000000e+00 
1.5957995098e-05 2.5221262887e+04 5.9889864122e-01 0.0000000000e+00 
4.6288396288e-09 2.4597771453e+04 5.0473323371e-01 0.0000000000e+00 
1.1821441294e-10 1.1292375741e+04 1.1649208332e+00 0.0000000000e+00 
4.4849673090e-07 2.9532543805e+04 1.0314816392e+00 0.0000000000e+00 
2.9628684530e-11 1.2146436116e+04 1.2655131210e+00 0.0000000000e+00 
1.0372152889e-08 1.4662227994e+04 8.7553074736e-01 0.0000000000e+00 
1.8354558716e-09 3.6068516565e+04 1.1376224356e+00 0.0000000000e+00 
7.5611127212e-09 2.8554957723e+04 9.4513750085e-01 0.0000000000e+00 
7.8417870025e-11 2.8795793858e+04 8.6399385183e-01 0.0000000000e+00 
2.9934380419e-10 2.7042332027e+04 8.0994798797e-01 0.0000000000e+00 
3.9551969694e-11 3.0206525784e+04 9.8682977152e-01 0.0000000000e+00 
6.6145881950e-08 2.0935423631e+04 8.9311381477e-01 0.0000000000e+00 
1.8623445434e-10 2.8202468896e+04 1.1773997832e+00 0.0000000000e+00 
3.2220781972e-09 3.4739495324e+04 3.9108807490e-01 0.0000000000e+00 
4.7837532108e-09 2.2147758342e+04 1.0522656640e+00 0.0000000000e+00 
1.4006836658e-08 3.9151477365e+04 8.4697037637e-01 0.0000000000e+00 
1.8348225180e-09 1.9627096067e+04 6.2607076904e-01 0.0000000000e+00 
2.5521652753e-09 1.5025002067e+04 8.4417993739e-01 0.0000000000e+00 
4.6037072997e-11 3.6778980367e+04 6.8910238473e-01 0.0000000000e+00 
1.2051369507e-08 1.1881876372e+04 8.5144541143e-01 0.0000000000e+00 
1.1008535732e-08 3.7006419250e+04 5.8768741375e-01 0.0000000000e+00 
4.9960935520e-05 3.0518102341e+04 6.3926290382e-01 0.0000000000e+00 
3.2705381982e-08 3.0595566823e+04 1.0178315895e+00 0.0000000000e+00 
2.4344715935e-09 3.7280615399e+04 1.1428922253e+00 0.0000000000e+00 
3.5038507258e-09 1.5889988874e+04 8.0347115459e-01 0.0000000000e+00 
1.0410538981e-05 3.4885718289e+04 1.0937657011e+00 0.0000000000e+00 
1.1858343611e-08 3.9951423467e+04 9.9913418586e-01 0.0000000000e+00 
1.8251346902e-06 3.9523649135e+04 1.0685220642e+00 0.0000000000e+00 
1.3945736411e-06 1.6197318244e+04 1.1266439488e+00 0.0000000000e+00 
1.4987420286e-05 3.0830262068e+04 8.5148345126e-01 0.0000000000e+00 
8.6536629788e-10 3.3947951115e+04 6.8228461418e-01 0.0000000000e+00 
6.4397928362e-10 2.4101767094e+04 1.2460775667e+00 0.0000000000e+00 
1.1815986007e-07 3.9258244401e+04 9.3384741273e-01 0.0000000000e+00 
1.8915781702e-09 2.6935387799e+04 4.5141747644e-01 0.0000000000e+00 
3.8660378670e-09 1.9072740831e+04 4.6318084952e-01 0.0000000000e+00 
2.4084553783e-10 3.2059312353e+04 1.0590143351e+00 0.0000000000e+00 
7.7892042490e-10 1.8667668601e+04 1.0397990834e+00 0.0000000000e+00 
1.0841835981e-10 2.5861839989e+04 1.2414552383e+00 0.0000000000e+00 
8.9335462024e-09 3.6955515569e+04 3.1005548028e-01 0.0000000000e+00 
2.9320000000e-04 3.8329938394e+04 6.5381432724e-01 0.0000000000e+00 
4.6282095786e-07 2.4276446675e+04 2.3456472804e-01 0.0000000000e+00 
1.9748443016e-09 2.7073781947e+04 8.9451833775e-01 0.0000000000e+00 
1.2471110271e-09 2.1336932412e+04 1.2100660919e+00 0.0000000000e+00 
2.2053859618e-05 3.4316145359e+04 1.0592747563e+00 0.0000000000e+00 
1.0332092625e-06 3.8316241194e+04 3.3525707314e-01 0.0000000000e+00 
2.2396562336e-07 2.1833460762e+04 8.9032852556e-01 0.0000000000e+00 
1.7125152135e-10 3.2325391120e+04 1.0976598569e+00 0.0000000000e+00 
1.0024535725e-08 2.6278693461e+04 1.2794878831e+00 0.0000000000e+00 
3.7422375958e-09 3.0201737856e+04 1.2209306053e+00 0.0000000000e+00 
3.3336827030e-10 3.6204090227e+04 1.0441596682e+00 0.0000000000e+00 
1.0482480876e-06 1.8072270858e+04 9.8552447860e-01 0.0000000000e+00 
1.2509880197e-09 2.3946424193e+04 9.4878947348e-01 0.0000000000e+00 
1.0843747556e-04 3.4310678516e+04 6.5111855860e-01 0.0000000000e+00 
2.9402732736e-09 3.4586577163e+04 2.7844212857e-01 0.0000000000e+00 
2.6237041141e-09 1.8122398093e+04 1.0694046959e+00 0.0000000000e+00 
5.7107728167e-11 2.7212572801e+04 1.2095498693e+00 0.0000000000e+00 
1.2271150585e-09 3.6195728883e+04 1.2149777506e+00 0.0000000000e+00 
9.6765884084e-09 2.3125131640e+04 1.4020387699e+00 0.0000000000e+00 
3.6899648636e-07 1.4241489278e+04 1.1667082271e+00 0.0000000000e+00 
3.4639288658e-11 2.9285561783e+04 8.8086436333e-01 0.0000000000e+00 
4.0701792312e-06 2.3353520615e+04 3.8969450046e-01 0.0000000000e+00 
5.7458136876e-11 3.8566314788e+04 4.4138267440e-01 0.0000000000e+00 
7.7256980232e-09 2.8698438374e+04 5.1710823998e-01 0.0000000000e+00 
7.6603834219e-09 2.7806258742e+04 8.3427029616e-01 0.0000000000e+00 
2.4677610067e-09 3.0208318393e+04 6.5227918166e-01 0.0000000000e+00 
6.8653779017e-05 2.0214596965e+04 8.4186725148e-01 0.0000000000e+00 
7.6970328656e-11 2.3860740779e+04 1.1568767403e+00 0.0000000000e+00 
9.1933329537e-10 2.4192750341e+04 9.4300732723e-01 0.0000000000e+00 
8.9984307526e-09 3.7540793495e+04 1.4635232538e+00 0.0000000000e+00 
2.2306208863e-10 2.2845409105e+04 2.3834127567e-01 0.0000000000e+00 
3.5504948290e-10 3.3612251781e+04 2.7392064136e-01 0.0000000000e+00 
6.2598324793e-09 3.8441332932e+04 7.0366173515e-01 0.0000000000e+00 
1.7512416540e-09 1.6986012466e+04 3.4109907597e-01 0.0000000000e+00 
4.0701526977e-10 1.3291062912e+04 7.6948203613e-01 0.0000000000e+00 
1.0122002671e-08 3.6951298701e+04 1.0186591361e-01 0.0000000000e+00 
1.3950648870e-08 3.7558296265e+04 1.4220085226e+00 0.0000000000e+00 
1.9301335678e-09 3.1120350303e+04 1.3234081811e+00 0.0000000000e+00 
1.8314007944e-10 3.7357192660e+04 1.0163824865e+00 0.0000000000e+00 
3.6825345010e-09 3.3820787179e+04 5.1564137181e-01 0.0000000000e+00 
2.2300132852e-08 3.0153776046e+04 3.7290228504e-01 0.0000000000e+00 
3.4138545198e-07 3.7499291424e+04 6.4567006254e-01 0.0000000000e+00 
1.1127016571e-06 2.7528669058e+04 1.0849398216e+00 0.0000000000e+00 
6.0120977165e-10 2.2647449937e+04 8.4050396283e-01 0.0000000000e+00 
3.6874343735e-07 3.6524054727e+04 5.0370733070e-01 0.0000000000e+00 
2.8997874009e-09 2.6478299247e+04 6.9636951026e-01 0.0000000000e+00 
2.9320000000e-04 3.0591493729e+04 6.6266694079e-01 0.0000000000e+00 
2.3554704257e-11 1.7744301551e+04 8.8422389523e-01 0.0000000000e+00 
3.6025680438e-09 3.2029174367e+04 6.7995111593e-01 0.0000000000e+00 
4.9069178302e-10 2.1857513755e+04 5.6329368128e-01 0.0000000000e+00 
1.9658652799e-10 3.2132936148e+04 1.0866750207e+00 0.0000000000e+00 
2.8254139146e-08 1.7014262244e+04 1.1311916986e+00 0.0000000000e+00 
2.9320000000e-04 1.7176179872e+04 1.0250056406e+00 0.0000000000e+00 
7.1966947412e-08 2.0137018873e+04 1.0307636068e+00 0.0000000000e+00 
9.4136650125e-09 3.4243148118e+04 7.3908587399e-01 0.0000000000e+00 
4.1948689427e-10 1.9339482313e+04 8.0127413559e-01 0.0000000000e+00 
2.9320000000e-04 3.2179184057e+04 1.2952976378e+00 0.0000000000e+00 
7.3484428273e-09 2.8074813113e+04 5.7515088208e-01 0.0000000000e+00 
2.9002151802e-07 2.5329405700e+04 5.0565159620e-01 0.0000000000e+00 
1.0062785574e-08 2.8541429719e+04 1.1626112417e+00 0.0000000000e+00 
4.1820130776e-08 3.0531449493e+04 6.7751461462e-01 0.0000000000e+00 
5.4754889935e-05 2.0878912981e+04 2.8386207468e-01 0.0000000000e+00 
4.2864605423e-05 2.8421501262e+04 1.0569975536e+00 0.0000000000e+00 
6.9825744933e-08 3.4179433108e+04 1.1408651303e+00 0.0000000000e+00 
2.1538804357e-06 1.3166373243e+04 4.6701835742e-01 0.0000000000e+00 
1.2907622207e-09 1.9472922257e+04 8.6682500698e-01 0.0000000000e+00 
6.8527597017e-09 1.8671039131e+04 9.6211143862e-01 0.0000000000e+00 
2.9320000000e-04 1.6127476519e+04 3.9260434676e-01 0.0000000000e+00 
1.5717480691e-05 3.0596459890e+04 3.0378965341e-01 0.0000000000e+00 
4.0528507879e-08 1.2677875240e+04 7.8921162031e-01 0.0000000000e+00 
7.8601992319e-05 3.9590843645e+04 6.1048995772e-01 0.0000000000e+00 
1.6514817747e-09 1.5898712755e+04 3.7578324134e-01 0.0000000000e+00 
6.4895220992e-08 1.6388689992e+04 8.8637356889e-01 0.0000000000e+00 
5.5992930155e-09 2.6596914777e+04 7.0502148505e-01 0.0000000000e+00 
5.7199822493e-10 2.3066008881e+04 5.2017907502e-01 0.0000000000e+00 
5.3154412191e-08 3.3381033882e+04 1.0505421276e+00 0.0000000000e+00 
2.7943340715e-09 3.1300929573e+04 1.1582736720e+00 0.0000000000e+00 
5.4212331399e-07 3.2178084667e+04 4.0915808481e-01 0.0000000000e+00 
5.5353820397e-08 2.2685645884e+04 8.4847556834e-01 0.0000000000e+00 
8.2024806489e-10 2.8792624827e+04 2.3485536419e-01 0.0000000000e+00 
1.1548167215e-10 2.1508600535e+04 6.7797508507e-01 0.0000000000e+00 
9.3723003252e-11 3.1750707492e+04 1.4317380885e+00 0.0000000000e+00 
2.3530075986e-10 3.7031378529e+04 5.1297876930e-01 0.0000000000e+00 
1.6571151816e-10 3.2629934350e+04 3.7981664803e-01 0.0000000000e+00 
4.1303953393e-11 1.9531819920e+04 5.9365128588e-01 0.0000000000e+00 
1.1023362174e-09 1.7594678395e+04 8.7471775599e-01 0.0000000000e+00 
1.1782653375e-09 3.6730486274e+04 3.9454796866e-01 0.0000000000e+00 
2.2195550820e-09 2.3871542223e+04 6.6742053880e-01 0.0000000000e+00 
5.0220722899e-07 3.6176344561e+04 1.1325467180e+00 0.0000000000e+00 
5.1533596471e-09 2.0437384785e+04 7.6392039103e-01 0.0000000000e+00 
3.6553966142e-11 3.1528973277e+04 7.8469568956e-01 0.0000000000e+00 
3.7112579153e-10 3.5756004107e+04 8.4544948180e-01 0.0000000000e+00 
3.3329683104e-09 1.2887278664e+04 4.3064794188e-01 0.0000000000e+00 
2.2772304815e-04 3.0120473700e+04 3.6745942728e-01 0.0000000000e+00 
2.9320000000e-04 3.4602911693e+04 5.5672648648e-01 0.0000000000e+00 
2.6347454373e-08 2.7253244244e+04 7.8046493746e-01 0.0000000000e+00 
4.1239972683e-11 2.8090478838e+04 9.8143365677e-01 0.0000000000e+00 
3.1699222837e-08 2.1379175741e+04 1.6130828031e-01 0.0000000000e+00 
1.6746952391e-07 1.2367593861e+04 6.6393844320e-01 0.0000000000e+00 
1.1353341684e-10 1.1603674918e+04 1.0356058183e+00 0.0000000000e+00 
3.4281482125e-11 3.7066342177e+04 9.6283211745e-01 0.0000000000e+00 
7.7976759049e-09 2.6908268400e+04 1.1851560711e+00 0.0000000000e+00 
1.3659599220e-10 1.9893440045e+04 1.1098709600e+00 0.0000000000e+00 
1.2832844416e-08 2.1883494227e+04 5.4762461868e-01 0.0000000000e+00 
5.7858663607e-07 2.4586855708e+04 1.3908340279e+00 0.0000000000e+00 
5.5405786399e-08 2.1195784016e+04 3.8286643784e-01 0.0000000000e+00 
1.0516924870e-09 2.3272502514e+04 6.3406566948e-01 0.0000000000e+00 
1.3950374897e-07 1.5588300437e+04 7.1525657088e-01 0.0000000000e+00 
2.9320000000e-04 3.7792790987e+04 7.7315179575e-01 0.0000000000e+00 
8.7507385689e-10 3.5424666395e+04 1.1483589518e+00 0.0000000000e+00 
7.0825492484e-09 2.8912721989e+04 1.5970524938e-01 0.0000000000e+00 
4.1301357902e-09 2.0458787545e+04 1.1923256054e+00 0.0000000000e+00 
3.2360046472e-08 1.4061106967e+04 1.1501920007e+00 0.0000000000e+00 
4.0547668448e-10 1.3046070144e+04 1.2017282497e+00 0.0000000000e+00 
1.3617599387e-08 3.2788822589e+04 3.1852823097e-01 0.0000000000e+00 
1.3702233315e-08 3.3332907969e+04 7.4253483891e-01 0.0000000000e+00 
1.5514377496e-08 1.2047280891e+04 5.7828304545e-01 0.0000000000e+00 
2.4924333894e-09 3.0374670658e+04 2.7744477869e-01 0.0000000000e+00 
3.4277605559e-10 3.5233183422e+04 5.2434281747e-01 0.0000000000e+00 
1.0398329599e-06 1.9361345135e+04 6.8371620199e-01 0.0000000000e+00 
3.8481082892e-08 1.7913520093e+04 9.9983556502e-01 0.0000000000e+00 
8.6259422698e-09 3.5945485771e+04 9.7369647765e-01 0.0000000000e+00 
1.3666827921e-08 1.8056259244e+04 1.2854899827e+00 0.0000000000e+00 
3.8477219658e-09 2.7713986196e+04 6.7916211201e-01 0.0000000000e+00 
7.9483014976e-09 2.4771053727e+04 1.4502839922e+00 0.0000000000e+00 
1.5903502307e-10 2.2869726911e+04 8.3452781749e-01 0.0000000000e+00 
2.3144005839e-09 2.0474878151e+04 1.2592620481e+00 0.0000000000e+00 
6.4171300336e-07 2.5281842953e+04 5.2869931097e-01 0.0000000000e+00 
2.9320000000e-04 3.4718380523e+04 9.3179877215e-01 0.0000000000e+00 
3.2121033670e-08 2.4325488572e+04 1.0451329314e+00 0.0000000000e+00 
2.9320000000e-04 2.2911454880e+04 8.1758623059e-01 0.0000000000e+00 
4.0663128187e-05 1.9035716322e+04 5.9402023438e-01 0.0000000000e+00 
5.8429959094e-06 2.4236746597e+04 1.0368331815e+00 0.0000000000e+00 
1.8992015558e-09 1.3969123232e+04 9.5747269553e-01 0.0000000000e+00 
2.8853436985e-08 2.7404995937e+04 1.0884149654e+00 0.0000000000e+00 
4.9137723253e-08 2.5933273354e+04 1.3212884448e+00 0.0000000000e+00 
4.0104165176e-08 1.3808377792e+04 7.2129893356e-01 0.0000000000e+00 
6.6652091790e-08 2.3031247785e+04 3.3303967895e-01 0.0000000000e+00 
6.7147706264e-08 3.9315531508e+04 1.2518843016e+00 0.0000000000e+00 
1.1238663284e-06 3.7437580706e+04 9.4680420451e-01 0.0000000000e+00 
6.5487220012e-10 3.1254717083e+04 1.9298777277e-01 0.0000000000e+00 
3.3243427410e-10 3.3348814923e+04 3.6734530017e-01 0.0000000000e+00 
4.7623723834e-10 3.6723700079e+04 1.3655531276e+00 0.0000000000e+00 
5.7958211735e-09 1.8259664193e+04 6.1742239038e-01 0.0000000000e+00 
2.8908259602e-07 1.3279811882e+04 6.9877359473e-01 0.0000000000e+00 
4.8387440221e-10 3.8038646838e+04 1.3503324683e+00 0.0000000000e+00 
4.9460003978e-10 1.9624883014e+04 1.0131112594e+00 0.0000000000e+00 
1.1955247379e-09 3.2013468213e+04 9.4600462734e-01 0.0000000000e+00 
5.0866582334e-10 2.4870074808e+04 3.9093409511e-01 0.0000000000e+00 
2.0977577629e-06 2.4226421329e+04 8.2837903013e-01 0.0000000000e+00 
1.7751250725e-10 3.3954639596e+04 9.9222328915e-01 0.0000000000e+00 
3.9332392484e-11 3.8891837126e+04 1.3018312488e+00 0.0000000000e+00 
1.8939734156e-07 2.4996257122e+04 1.0613807870e+00 0.0000000000e+00 
1.2279207381e-07 3.7612104408e+04 6.6460354670e-02 0.0000000000e+00 
6.5783389773e-06 1.7449671392e+04 1.3104033947e+00 0.0000000000e+00 
3.7497892038e-10 3.5589080478e+04 1.0305460687e+00 0.0000000000e+00 
1.9280211127e-08 2.0413183931e+04 7.4222591435e-01 0.0000000000e+00 
3.1043917898e-07 3.9879773768e+04 8.4925325421e-01 0.0000000000e+00 
2.9320000000e-04 3.8848529784e+04 1.0504568065e+00 0.0000000000e+00 
2.1848182275e-08 2.3781661374e+04 1.0946168105e+00 0.0000000000e+00 
1.5964138212e-05 3.8047230305e+04 9.3627410154e-01 0.0000000000e+00 
8.2519343125e-08 2.8777061721e+04 1.1794378642e+00 0.0000000000e+00 
8.1547934858e-09 1.6663710256e+04 1.4352853603e+00 0.0000000000e+00 
1.1106502585e-08 1.4289151847e+04 1.3029961840e-01 0.0000000000e+00 
1.3255071954e-08 3.5427532367e+04 2.5623927018e-01 0.0000000000e+00 
1.4014290410e-10 1.9647634653e+04 9.7984425430e-01 0.0000000000e+00 
2.1669709579e-09 3.7002193862e+04 3.4930266918e-01 0.0000000000e+00 
2.9320000000e-04 3.7374265873e+04 8.0246778731e-01 0.0000000000e+00 
1.2467133343e-10 2.6101906009e+04 1.0771213117e+00 0.0000000000e+00 
6.0330603578e-09 2.3986091523e+04 5.6516433231e-01 0.0000000000e+00 
3.9316581543e-08 1.3976652715e+04 1.1567855430e+00 0.0000000000e+00 
1.6200905922e-08 1.6289362847e+04 1.0281103511e+00 0.0000000000e+00 
2.3987121552e-07 2.3906773335e+04 1.0551992037e-01 0.0000000000e+00 
1.3837802736e-07 3.1499487371e+04 1.1459429060e+00 0.0000000000e+00 
1.5179108372e-09 1.6619046040e+04 3.8166802033e-02 0.0000000000e+00 
3.5726749147e-11 2.2489770812e+04 1.1465661742e-01 0.0000000000e+00 
3.5480705272e-07 2.5653587855e+04 7.0781704089e-01 0.0000000000e+00 
1.5540745058e-10 3.0857883369e+04 1.3293001094e+00 0.0000000000e+00 
5.0236082478e-07 1.1920173263e+04 1.2502998474e+00 0.0000000000e+00 
3.6303764692e-09 1.2904419913e+04 9.0527994843e-01 0.0000000000e+00 
2.7404816068e-11 2.0291866113e+04 8.3448579165e-01 0.0000000000e+00 
1.2095742027e-08 2.1706055269e+04 5.8133265672e-01 0.0000000000e+00 
2.4691138838e-09 3.3097463359e+04 8.2045452936e-01 0.0000000000e+00 
9.1461146491e-08 1.8151780904e+04 3.5455661687e-01 0.0000000000e+00 
4.0105391912e-05 1.5682292369e+04 6.0188032555e-01 0.0000000000e+00 
2.9728169219e-06 3.0514260738e+04 7.8296872671e-01 0.0000000000e+00 
1.2629231024e-07 3.4119213038e+04 7.6431873577e-01 0.0000000000e+00 
4.1167999636e-06 1.1594336252e+04 1.1007803063e+00 0.0000000000e+00 
8.3658916561e-10 2.5141885535e+04 9.3585202144e-01 0.0000000000e+00 
1.0654726429e-08 3.7783113611e+04 1.0911341203e+00 0.0000000000e+00 
1.8073157877e-09 2.9894099715e+04 5.6201361981e-01 0.0000000000e+00 
3.6963907930e-07 3.0159198080e+04 1.0734841630e+00 0.0000000000e+00 
2.6476603845e-07 3.0563351627e+04 1.0803654025e+00 0.0000000000e+00 
3.7319967884e-08 2.5112517473e+04 2.0442294600e-01 0.0000000000e+00 
2.2616300567e-09 1.6454280403e+04 6.1333851588e-01 0.0000000000e+00 
5.8775245977e-10 3.0695068804e+04 1.3465188357e+00 0.0000000000e+00 
1.1987386432e-10 2.5031220751e+04 9.2773267499e-01 0.0000000000e+00 
5.6124092127e-11 3.6919470764e+04 9.4300294602e-01 0.0000000000e+00 
1.5794966413e-10 2.2189666512e+04 4.1874181452e-01 0.0000000000e+00 
1.5019693163e-07 1.7581504921e+04 7.2811711006e-01 0.0000000000e+00 
2.4304101066e-05 3.0208822052e+04 7.3824786060e-01 0.0000000000e+00 
5.7495057124e-07 1.7560382591e+04 1.0052059453e+00 0.0000000000e+00 
8.5150699010e-11 3.4454486350e+04 2.8473444360e-01 0.0000000000e+00 
1.0252301803e-07 3.8083640746e+04 5.3995360182e-01 0.0000000000e+00 
1.4603036889e-08 1.7912049049e+04 8.1274631297e-01 0.0000000000e+00 
1.9739789538e-09 3.7545515854e+04 3.2219160345e-01 0.0000000000e+00 
1.8148150576e-08 2.1723061771e+04 2.8089321987e-01 0.0000000000e+00 
1.0581135658e-08 1.8428760009e+04 1.2275974619e+00 0.0000000000e+00 
1.6733271407e-09 2.5811726430e+04 1.2200296091e+00 0.0000000000e+00 
1.4500676745e-09 2.4275718086e+04 8.8031931878e-01 0.0000000000e+00 
4.4608191845e-11 2.9947551525e+04 7.7531820095e-01 0.0000000000e+00 
5.0266803137e-07 3.0360218459e+04 4.3387928106e-01 0.0000000000e+00 
2.9320000000e-04 3.3832439195e+04 4.6345945798e-01 0.0000000000e+00 
6.1457835429e-07 3.6246826534e+04 1.2906903491e+00 0.0000000000e+00 
2.3857867687e-10 1.6334352518e+04 3.2483182809e-01 0.0000000000e+00 
3.1286880530e-08 1.3254887715e+04 6.4391975417e-01 0.0000000000e+00 
1.1202653753e-07 3.9396401837e+04 4.1872438680e-01 0.0000000000e+00 
2.0206109554e-09 2.2080253367e+04 1.3106505414e+00 0.0000000000e+00 
4.4026692541e-09 2.9641000971e+04 1.6687999773e-01 0.0000000000e+00 
1.2966025620e-06 1.2473199442e+04 8.9693573906e-01 0.0000000000e+00 
4.3687564408e-08 1.1960571390e+04 1.2341519210e+00 0.0000000000e+00 
9.1013403407e-10 3.3899244059e+04 1.2628659983e+00 0.0000000000e+00 
2.5081193309e-09 1.5503171930e+04 7.1965853666e-01 0.0000000000e+00 
7.0238711413e-10 3.9912541342e+04 4.9608851849e-01 0.0000000000e+00 
3.5020139827e-09 2.0380213347e+04 1.2422427999e+00 0.0000000000e+00 
3.4654153904e-09 2.0276726922e+04 8.6340898314e-01 0.0000000000e+00 
1.4241641991e-08 2.5796004039e+04 1.2521572818e+00 0.0000000000e+00 
2.6050385321e-10 1.1417503465e+04 1.2507038061e+00 0.0000000000e+00 
7.4479876203e-07 2.2454234648e+04 1.3669817007e+00 0.0000000000e+00 
3.2198051505e-08 1.8297619862e+04 1.1561360485e+00 0.0000000000e+00 
2.2844231318e-10 3.4500795045e+04 1.0186717905e+00 0.0000000000e+00 
4.2587299028e-10 1.2798533581e+04 7.9623521311e-01 0.0000000000e+00 
1.3645207298e-07 3.1229200222e+04 9.9816298847e-01 0.0000000000e+00 
7.2788489709e-08 3.8674452703e+04 3.8003648193e-01 0.0000000000e+00 
3.6415583041e-08 2.2739453796e+04 8.6750880605e-01 0.0000000000e+00 
2.9320000000e-04 2.1623518613e+04 7.5882947606e-01 0.0000000000e+00 
4.8302961903e-11 3.2489688454e+04 5.8264696387e-01 0.0000000000e+00 
1.9057811342e-09 2.3867260278e+04 3.6561189439e-01 0.0000000000e+00 
4.0281165192e-06 2.6005543216e+04 8.1147058722e-01 0.0000000000e+00 
7.7818513743e-09 2.6485548726e+04 1.2945940715e+00 0.0000000000e+00 
2.9320000000e-04 3.9607599924e+04 1.0129208060e+00 0.0000000000e+00 
1.0505114642e-07 3.7394858058e+04 2.8251990627e-01 0.0000000000e+00 
3.7628243760e-08 1.4665333433e+04 1.0644927740e+00 0.0000000000e+00 
7.2557164166e-06 2.8937603650e+04 1.3933101076e+00 0.0000000000e+00 
1.9209869420e-04 2.2798907020e+04 1.2627702434e+00 0.0000000000e+00 
5.0506751221e-10 1.9022065804e+04 1.0734096213e+00 0.0000000000e+00 
8.2232852851e-09 1.6894105792e+04 1.1490491665e+00 0.0000000000e+00 
4.0968623985e-11 3.2229664827e+04 1.4675858949e+00 0.0000000000e+00 
1.1529507595e-07 1.4603556578e+04 7.4252640596e-01 0.0000000000e+00 
1.2933758063e-05 3.0940202782e+04 1.0627319844e+00 0.0000000000e+00 
1.2188432681e-07 2.6842399031e+04 6.6212133509e-01 0.0000000000e+00 
4.6614344880e-11 1.1572975446e+04 7.9076767214e-01 0.0000000000e+00 
3.1911204983e-08 1.1455766082e+04 8.5178160845e-01 0.0000000000e+00 
2.5199635403e-09 2.8781340690e+04 2.3005939020e-01 0.0000000000e+00 
4.5735364540e-11 2.5040988363e+04 2.4667256779e-01 0.0000000000e+00 
1.0525313439e-09 1.7593154098e+04 1.4195289835e+00 0.0000000000e+00 
6.5366953032e-07 1.3838980913e+04 7.7821585513e-01 0.0000000000e+00 
2.7712895620e-08 3.6088448042e+04 1.3174660725e+00 0.0000000000e+00 
1.4871339587e-10 1.4972835243e+04 5.9323133810e-01 0.0000000000e+00 
4.5228143830e-08 3.8556411019e+04 1.0441093924e+00 0.0000000000e+00 
1.3590104004e-09 2.2824200332e+04 9.1396485456e-01 0.0000000000e+00 
1.0929529930e-10 3.4867893757e+04 5.6915077585e-01 0.0000000000e+00 
2.0056994952e-08 1.5078408877e+04 4.0850815359e-01 0.0000000000e+00 
1.8402479445e-08 1.7364810271e+04 2.4850958388e-01 0.0000000000e+00 
5.0890292660e-10 1.7266455732e+04 2.3376991493e-01 0.0000000000e+00 
5.5902306971e-05 3.3985536721e+04 1.1123764447e+00 0.0000000000e+00 
8.6352013008e-09 2.1541061892e+04 1.0556424078e+00 0.0000000000e+00 
3.4355773914e-08 2.6751702140e+04 1.2808405023e+00 0.0000000000e+00 
1.1509243144e-06 1.1421088388e+04 6.4210009319e-01 0.0000000000e+00 
1.1494012450e-08 3.4404018371e+04 1.2713142315e+00 0.0000000000e+00 
2.6397471025e-11 3.3116948132e+04 1.4502134230e+00 0.0000000000e+00 
3.9545270751e-11 1.3384951859e+04 1.1922229928e+00 0.0000000000e+00 
1.4889309051e-05 3.4367670979e+04 3.1362422537e-01 0.0000000000e+00 
1.2334152545e-08 2.9257588486e+04 5.2415051451e-01 0.0000000000e+00 
3.0511181503e-07 3.7296210822e+04 1.6769658015e-01 0.0000000000e+00 
6.2847517947e-11 1.5017327973e+04 7.6712592803e-01 0.0000000000e+00 
3.6801819992e-09 1.3177772931e+04 9.6541908834e-01 0.0000000000e+00 
2.4103349446e-11 2.5010340032e+04 9.5396181609e-01 0.0000000000e+00 
2.3448781483e-07 1.4012294957e+04 9.1183943523e-01 0.0000000000e+00 
1.2637316765e-10 2.5469891641e+04 7.4473174788e-01 0.0000000000e+00 
8.6640370012e-11 3.9884706794e+04 9.9103334111e-01 0.0000000000e+00 
1.5586969066e-10 2.3924210720e+04 3.9434567775e-01 0.0000000000e+00 
1.6661906961e-10 3.6959568263e+04 3.4113877462e-01 0.0000000000e+00 
2.5419776838e-11 1.1947265584e+04 1.5067917318e+00 0.0000000000e+00 
1.1977175149e-07 2.5278675847e+04 7.8826843626e-01 0.0000000000e+00 
5.3877265485e-07 3.2166920672e+04 2.6112839200e-01 0.0000000000e+00 
1.5186075276e-08 1.3598756541e+04 9.1680999250e-01 0.0000000000e+00 
5.6396257012e-05 2.6971368176e+04 2.8506930493e-01 0.0000000000e+00 
2.8401836117e-10 3.5019546895e+04 1.0134768970e+00 0.0000000000e+00 
8.3183082888e-10 3.4015980345e+04 1.4888691170e+00 0.0000000000e+00 
2.0411869535e-09 1.5335879455e+04 6.4338094609e-01 0.0000000000e+00 
5.9233589642e-09 1.8822413913e+04 7.0540191790e-02 0.0000000000e+00 
7.0668547698e-09 3.1378775990e+04 7.6742914352e-01 0.0000000000e+00 
1.0474085817e-10 1.3179113462e+04 6.1873983028e-01 0.0000000000e+00 
2.6076924074e-09 3.6084492435e+04 8.4135080578e-01 0.0000000000e+00 
1.5893088359e-08 3.8121983503e+04 2.8087859473e-01 0.0000000000e+00 
7.5056415083e-09 2.7330734605e+04 9.0609589365e-01 0.0000000000e+00 
6.8175355497e-10 1.8193569088e+04 4.3930854461e-01 0.0000000000e+00 
5.9447773883e-11 2.1815914901e+04 1.3528640099e+00 0.0000000000e+00 
1.1807296400e-09 3.7899516525e+04 4.8436729454e-01 0.0000000000e+00 
2.9320000000e-04 3.1296061687e+04 1.1419213107e+00 0.0000000000e+00 
1.7383099175e-05 2.0584802663e+04 1.1079982643e+00 0.0000000000e+00 
2.3849559755e-10 1.2301352926e+04 7.6247717968e-01 0.0000000000e+00 
4.0600637844e-06 2.9682671834e+04 8.6301978858e-01 0.0000000000e+00 
5.4325238283e-11 2.8359621316e+04 1.0050755228e+00 0.0000000000e+00 
6.8010983391e-05 2.7417837569e+04 9.4493957554e-01 0.0000000000e+00 
9.7061534146e-11 3.0359040122e+04 3.5638261128e-01 0.0000000000e+00 
3.1293576521e-06 2.1996589497e+04 7.3802810132e-01 0.0000000000e+00 
2.5601856903e-11 1.7633576259e+04 8.2007066961e-01 0.0000000000e+00 
2.5792189597e-09 3.3301712824e+04 4.6820452805e-01 0.0000000000e+00 
1.9103684741e-07 1.7399597190e+04 1.0485905755e+00 0.0000000000e+00 
1.3420839061e-09 2.6987006657e+04 2.1221036956e-01 0.0000000000e+00 
2.7751290156e-07 2.5120268272e+04 2.1180787908e-01 0.0000000000e+00 
1.1031143002e-08 3.0249195458e+04 9.3978643588e-01 0.0000000000e+00 
2.8621569375e-08 1.8026148756e+04 9.6124131006e-01 0.0000000000e+00 
7.5904732182e-06 3.9029822242e+04 6.8805948723e-01 0.0000000000e+00 
2.0481205606e-09 3.2131506770e+04 7.6102391577e-01 0.0000000000e+00 
1.0043079194e-05 2.0644680399e+04 6.1985298128e-01 0.0000000000e+00 
6.5598011951e-10 3.0339296974e+04 7.8852090272e-01 0.0000000000e+00 
1.2128886057e-08 3.3870998935e+04 4.5712894094e-01 0.0000000000e+00 
3.2170907973e-09 1.1871171440e+04 7.7212037376e-01 0.0000000000e+00 
4.8065063052e-11 1.2182355454e+04 1.2493161471e+00 0.0000000000e+00 
9.3413966021e-11 3.5347435695e+04 2.4009658736e-01 0.0000000000e+00 
1.1157249115e-09 1.3291947502e+04 4.1742842818e-01 0.0000000000e+00 
2.0968061841e-08 1.5041571772e+04 3.6114649862e-01 0.0000000000e+00 
2.9320000000e-04 1.1830617481e+04 9.2425306263e-01 0.0000000000e+00 
1.1779883387e-09 2.7127582972e+04 3.1832271863e-01 0.0000000000e+00 
1.6985163724e-08 1.1317020205e+04 5.4550308299e-02 0.0000000000e+00 
2.9320000000e-04 2.9753045515e+04 9.2935189326e-01 0.0000000000e+00 
4.4915512094e-08 1.5296660164e+04 9.6946918191e-01 0.0000000000e+00 
1.6936113907e-10 1.2309924277e+04 1.0006861848e+00 0.0000000000e+00 
1.0271638791e-07 1.3649464894e+04 1.2929511179e+00 0.0000000000e+00 
1.6462045263e-09 3.7080429547e+04 1.2143190607e+00 0.0000000000e+00 
7.4028042028e-10 3.8177713363e+04 1.2607958999e+00 0.0000000000e+00 
4.4442466175e-07 1.3401117174e+04 9.9589505157e-01 0.0000000000e+00 
7.6704329365e-10 3.4152707954e+04 8.1928835988e-01 0.0000000000e+00 
4.4919594800e-09 2.1424892048e+04 9.5656055790e-01 0.0000000000e+00 
3.1571151668e-10 3.8149588010e+04 1.2161654377e+00 0.0000000000e+00 
3.5630252413e-08 2.1492554083e+04 7.7783805142e-01 0.0000000000e+00 
4.5394804254e-08 2.0348146300e+04 8.1672209163e-01 0.0000000000e+00 
7.9519519778e-11 1.9062288047e+04 1.0736375934e+00 0.0000000000e+00 
3.9724868041e-10 1.3084044779e+04 1.3305535209e-01 0.0000000000e+00 
2.0712955290e-09 1.7359812179e+04 8.6854748505e-01 0.0000000000e+00 
7.5633738022e-05 2.2857924573e+04 3.5295111423e-01 0.0000000000e+00 
1.5695411343e-07 2.9332567521e+04 9.4250310016e-01 0.0000000000e+00 
3.6874354817e-10 2.2731914733e+04 8.6970736217e-01 0.0000000000e+00 
8.1667490530e-09 3.7802387130e+04 8.4340837350e-01 0.0000000000e+00 
2.4748289947e-06 3.4318004731e+04 1.0692305057e+00 0.0000000000e+00 
5.3747416023e-10 1.4927069776e+04 7.4800486309e-01 0.0000000000e+00 
1.7684285971e-10 1.9066412060e+04 1.2104817123e+00 0.0000000000e+00 
2.2580685695e-07 2.8282084019e+04 9.5692731542e-01 0.0000000000e+00 
3.6612550265e-11 3.0532769178e+04 7.1925413232e-01 0.0000000000e+00 
2.6095835342e-09 2.1741904278e+04 4.4347808993e-01 0.0000000000e+00 
4.9544571072e-09 3.4185862938e+04 8.4775101277e-01 0.0000000000e+00 
5.8397120211e-08 1.6722186075e+04 6.6410908559e-01 0.0000000000e+00 
1.3560748819e-09 1.9204508256e+04 3.0990831598e-01 0.0000000000e+00 
2.9794020325e-09 3.5710408318e+04 1.0046852871e+00 0.0000000000e+00 
2.1038937155e-06 3.8741731743e+04 1.4206484550e+00 0.0000000000e+00 
2.9836782770e-06 3.7771807265e+04 7.3123754936e-01 0.0000000000e+00 
2.3069882477e-07 1.2309393990e+04 5.5456473833e-01 0.0000000000e+00 
9.7629629763e-08 2.7858315863e+04 9.5828296716e-01 0.0000000000e+00 
2.9677408216e-06 1.8518188432e+04 1.2665634983e+00 0.0000000000e+00 
9.7603640604e-09 3.8237475377e+04 3.8789020595e-01 0.0000000000e+00 
6.4355027414e-07 2.6825047335e+04 9.0520941019e-01 0.0000000000e+00 
1.5403685114e-09 2.9256400134e+04 8.1387407314e-01 0.0000000000e+00 
4.9747479630e-10 3.2635407847e+04 1.0591930886e+00 0.0000000000e+00 
1.1294739896e-09 2.9067314644e+04 2.1684233086e-02 0.0000000000e+00 
1.8266799766e-07 2.2856425134e+04 1.0320628261e+00 0.0000000000e+00 
5.1116292498e-11 3.7941733874e+04 3.7321002759e-01 0.0000000000e+00 
4.0445726363e-08 1.9253958264e+04 3.9627571448e-01 0.0000000000e+00 
2.0104658825e-10 2.1898867130e+04 1.0467881499e+00 0.0000000000e+00 
7.6975241289e-11 2.2440554838e+04 1.2770198255e+00 0.0000000000e+00 
3.7191936742e-09 3.8691107699e+04 6.6739721657e-01 0.0000000000e+00 
2.9320000000e-04 1.2602704209e+04 8.9420367382e-01 0.0000000000e+00 
7.4457530399e-09 3.9498326305e+04 8.1329044269e-01 0.0000000000e+00 
2.6491740189e-06 1.9190562079e+04 4.8804509650e-01 0.0000000000e+00 
1.1646358236e-07 3.0657998763e+04 7.1055305133e-01 0.0000000000e+00 
1.1360063275e-06 1.8121747638e+04 8.9697694199e-01 0.0000000000e+00 
6.0230413985e-10 2.7192112683e+04 3.1485953820e-01 0.0000000000e+00 
6.3654552427e-11 2.7942262230e+04 1.3960482310e+00 0.0000000000e+00 
1.1788978259e-09 3.3388382561e+04 5.7116001664e-01 0.0000000000e+00 
1.3968716062e-10 1.6816370937e+04 7.4934486811e-01 0.0000000000e+00 
2.8055374570e-07 2.5511866033e+04 8.7453726889e-01 0.0000000000e+00 
6.0612619200e-08 3.6892918795e+04 1.2136957140e+00 0.0000000000e+00 
2.9320000000e-04 1.2366969778e+04 5.5797075857e-01 0.0000000000e+00 
3.0980179150e-08 1.2385728442e+04 4.9097985585e-01 0.0000000000e+00 
1.1989747340e-10 2.3609895600e+04 1.2644720362e+00 0.0000000000e+00 
1.2406947784e-08 2.6566710806e+04 2.7551086646e-01 0.0000000000e+00 
1.3967567751e-09 1.7035792483e+04 6.6758357076e-01 0.0000000000e+00 
5.1826799816e-08 3.5162061932e+04 1.3215264152e+00 0.0000000000e+00 
7.4719785939e-10 2.8536032592e+04 1.0243895940e+00 0.0000000000e+00 
2.7364251569e-09 2.8081685640e+04 2.2976814648e-01 0.0000000000e+00 
3.5917031626e-08 1.4502852643e+04 5.4729898862e-01 0.0000000000e+00 
9.6152873677e-10 1.5002893030e+04 8.9519864166e-01 0.0000000000e+00 
1.5240242547e-06 3.7553561332e+04 2.4652066323e-01 0.0000000000e+00 
6.7814663566e-08 1.7003542517e+04 2.8082942414e-01 0.0000000000e+00 
1.4775657689e-07 3.2532733916e+04 1.0618073576e+00 0.0000000000e+00 
1.7183019691e-08 1.5268630218e+04 8.3335118477e-01 0.0000000000e+00 
1.1751823630e-09 1.7319052319e+04 1.2070637003e-01 0.0000000000e+00 
2.8574304208e-06 3.5655313031e+04 4.8018103557e-01 0.0000000000e+00 
3.3539974104e-09 3.7003146084e+04 3.5584300994e-01 0.0000000000e+00 
7.1745979491e-10 1.3370013266e+04 7.5982756663e-01 0.0000000000e+00 
3.4508938190e-08 3.9344184933e+04 9.8413067819e-01 0.0000000000e+00 
3.8429684641e-10 2.8169537352e+04 8.5374687690e-01 0.0000000000e+00 
4.3301366978e-09 1.7633727510e+04 1.0760651924e+00 0.0000000000e+00 
3.9425041377e-08 2.5157585447e+04 9.4146237302e-01 0.0000000000e+00 
6.2768145773e-10 1.3499067256e+04 1.2001914567e+00 0.0000000000e+00 
4.6940895148e-09 1.2716213199e+04 1.3772952648e+00 0.0000000000e+00 
2.1851841716e-08 2.1531367338e+04 1.4722140256e-01 0.0000000000e+00 
1.8601654056e-08 3.1806661145e+04 3.8000421349e-01 0.0000000000e+00 
2.0246106075e-08 1.1935735241e+04 1.1460876944e+00 0.0000000000e+00 
1.0971977091e-09 3.7798873771e+04 8.6518475737e-01 0.0000000000e+00 
7.5261784017e-10 1.5481057031e+04 7.5468324971e-01 0.0000000000e+00 
3.5836524914e-08 2.6080024152e+04 1.4163173933e+00 0.0000000000e+00 
7.7851394351e-09 2.9589403377e+04 7.0528728009e-01 0.0000000000e+00 
3.4126417781e-10 2.0543108072e+04 1.1628711694e+00 0.0000000000e+00 
6.5416505949e-11 3.4201234674e+04 6.3174391038e-01 0.0000000000e+00 
5.1082224516e-10 1.4839813123e+04 9.1999458294e-01 0.0000000000e+00 
3.5066585306e-11 3.2783592390e+04 3.3167088690e-01 0.0000000000e+00 
4.2700013300e-07 3.3258102566e+04 1.2387108680e+00 0.0000000000e+00 
2.4383156746e-10 2.0476213917e+04 3.3472515821e-01 0.0000000000e+00 
2.1471438507e-10 3.0379691928e+04 1.4377934589e+00 0.0000000000e+00 
3.9648924976e-09 2.0905202890e+04 4.3627100696e-01 0.0000000000e+00 
4.9790284647e-11 1.9920843520e+04 2.4308313554e-01 0.0000000000e+00 
3.9276794337e-08 2.5070999898e+04 7.8965464828e-01 0.0000000000e+00 
4.6450813619e-08 1.6392025377e+04 7.0360636370e-01 0.0000000000e+00 
2.4172234384e-11 3.2308203750e+04 1.2274148965e+00 0.0000000000e+00 
4.4131243602e-08 3.3721921695e+04 5.4873656177e-01 0.0000000000e+00 
4.5286400427e-07 2.7717180524e+04 3.3245880568e-01 0.0000000000e+00 
4.7026075767e-07 3.5287524889e+04 7.3811219135e-01 0.0000000000e+00 
