Radius [m]       Fe Area [frac]    Max Temp [k]    
9.4386947555e-06 1.0000000000e+00 2.4343158109e+03 
1.0698824259e-05 1.0000000000e+00 2.1050809446e+03 
8.4567100747e-05 1.0000000000e+00 5.5280049506e+02 
2.1543971814e-03 1.0000000000e+00 6.0877932771e+02 
4.0034192770e-05 1.0000000000e+00 2.0155556738e+03 
1.0619808973e-06 1.0000000000e+00 2.2763150082e+03 
9.9975766877e-07 1.0000000000e+00 2.4829697092e+03 
3.8182756372e-06 1.0000000000e+00 2.3283572754e+03 
9.9908367562e-07 1.0000000000e+00 2.3015243483e+03 
9.9800978277e-07 1.0000000000e+00 2.3351671712e+03 
1.4856507588e-05 1.0000000000e+00 2.1443209365e+03 
9.9548624172e-07 1.0000000000e+00 2.8769978340e+03 
9.9885912033e-07 1.0000000000e+00 2.4435378150e+03 
9.9970019613e-07 1.0000000000e+00 2.3043459966e+03 
6.7122586872e-05 1.0000000000e+00 2.2687506870e+03 
1.3055091362e-05 1.0000000000e+00 2.2645291738e+03 
9.9874098480e-07 1.0000000000e+00 2.4176028868e+03 
9.9868173882e-07 1.0000000000e+00 2.3859645991e+03 
0.0000000000e+00 0.0000000000e+00 2.8062012077e+03 
9.9974061298e-07 1.0000000000e+00 2.5977496220e+03 
1.4339192362e-05 1.0000000000e+00 2.0168479370e+03 
3.3895336500e-06 1.0000000000e+00 2.4166543272e+03 
9.9978016319e-07 1.0000000000e+00 2.4374118159e+03 
1.2225445672e-05 1.0000000000e+00 2.3630394321e+03 
9.9734047254e-07 1.0000000000e+00 2.4753965164e+03 
9.9683445775e-07 1.0000000000e+00 2.9003851256e+03 
7.0708417817e-05 1.0000000000e+00 1.9096398861e+03 
9.9850588511e-07 1.0000000000e+00 2.6660275978e+03 
2.1943760999e-05 1.0000000000e+00 2.1797481139e+03 
9.9800480038e-07 1.0000000000e+00 2.6083414419e+03 
9.9565108677e-07 1.0000000000e+00 2.5899397592e+03 
1.9081832799e-05 1.0000000000e+00 2.0780679617e+03 
9.9869666797e-07 1.0000000000e+00 2.2806297746e+03 
1.5839632338e-05 1.0000000000e+00 1.9352654418e+03 
8.2652982283e-06 1.0000000000e+00 2.2191256552e+03 
1.9954163870e-05 1.0000000000e+00 2.1517281241e+03 
2.6161491594e-06 1.0000000000e+00 2.6368208536e+03 
9.9843957028e-07 1.0000000000e+00 2.3097840783e+03 
4.1448666249e-05 1.0000000000e+00 2.2308765745e+03 
1.7393798181e-05 1.0000000000e+00 1.8183149347e+03 
9.9940298535e-07 1.0000000000e+00 2.5017765363e+03 
9.9857975774e-07 1.0000000000e+00 2.9924186243e+03 
5.1232917841e-06 1.0000000000e+00 2.1099817471e+03 
9.9537255118e-07 1.0000000000e+00 2.4115537880e+03 
9.9726478293e-07 1.0000000000e+00 2.5231835431e+03 
6.6016078977e-05 1.0000000000e+00 2.4216693566e+03 
9.1482036069e-06 1.0000000000e+00 1.8884150538e+03 
9.9485674354e-07 1.0000000000e+00 2.4323813926e+03 
7.1835710268e-05 1.0000000000e+00 2.4481541253e+03 
9.9766676106e-07 1.0000000000e+00 2.3406133012e+03 
9.9934549177e-07 1.0000000000e+00 2.3065998644e+03 
2.7674022989e-05 1.0000000000e+00 2.0439666339e+03 
9.9955814108e-07 1.0000000000e+00 2.5440441569e+03 
9.9925098775e-07 1.0000000000e+00 2.7020972389e+03 
9.9927387481e-07 1.0000000000e+00 2.5456566606e+03 
1.7395768995e-05 1.0000000000e+00 1.9424691848e+03 
1.4937084313e-05 1.0000000000e+00 2.1496422630e+03 
9.9980433424e-07 1.0000000000e+00 2.5370908754e+03 
9.9381560276e-07 1.0000000000e+00 2.6881200820e+03 
9.9964949926e-07 1.0000000000e+00 2.6650855609e+03 
6.1808098008e-05 1.0000000000e+00 2.2083417292e+03 
2.4855388336e-06 1.0000000000e+00 2.3122471017e+03 
8.7422003591e-07 1.0000000000e+00 2.2371787620e+03 
9.9828391694e-07 1.0000000000e+00 2.4098879319e+03 
3.9690790519e-05 1.0000000000e+00 2.3351341805e+03 
1.1376825831e-05 1.0000000000e+00 2.0857050434e+03 
9.6645424917e-07 1.0000000000e+00 2.2848955356e+03 
2.4641431023e-05 1.0000000000e+00 2.1520967975e+03 
9.9723591083e-07 1.0000000000e+00 2.5097284298e+03 
9.9541418543e-07 1.0000000000e+00 2.5810729845e+03 
9.7891036585e-06 1.0000000000e+00 2.2519679512e+03 
5.6830674859e-06 1.0000000000e+00 2.1414924006e+03 
3.4687209246e-06 1.0000000000e+00 2.3702535887e+03 
9.9781360254e-07 1.0000000000e+00 2.3159164853e+03 
9.9963916906e-07 1.0000000000e+00 2.5374571497e+03 
2.0794999456e-05 1.0000000000e+00 2.2492179909e+03 
1.0407775884e-04 1.0000000000e+00 8.4129762025e+02 
9.9275279515e-07 1.0000000000e+00 2.6462322584e+03 
9.9765456080e-07 1.0000000000e+00 2.8991059964e+03 
9.9951088992e-07 1.0000000000e+00 2.9225724436e+03 
9.9789690921e-07 1.0000000000e+00 2.4258099871e+03 
2.3775753411e-06 1.0000000000e+00 2.3603501734e+03 
9.9522615193e-07 1.0000000000e+00 2.8064108445e+03 
9.6508696723e-06 1.0000000000e+00 2.3746158983e+03 
9.7729570561e-07 1.0000000000e+00 2.1954084569e+03 
3.1928425704e-06 1.0000000000e+00 2.2852222100e+03 
9.9939681183e-07 1.0000000000e+00 2.3631140061e+03 
2.5292085668e-06 1.0000000000e+00 2.1858533448e+03 
9.9341125945e-07 1.0000000000e+00 2.4129130935e+03 
4.2779177908e-05 1.0000000000e+00 2.5807692399e+03 
6.5478246614e-06 1.0000000000e+00 2.3148088728e+03 
9.9626823909e-07 1.0000000000e+00 2.9114033858e+03 
9.9817524748e-07 1.0000000000e+00 2.3926088522e+03 
9.5577907422e-07 1.0000000000e+00 2.5226447945e+03 
9.9771337552e-07 1.0000000000e+00 2.4030201132e+03 
1.4910370549e-05 1.0000000000e+00 2.4141222432e+03 
9.6023236235e-07 1.0000000000e+00 2.4454352561e+03 
9.9811945560e-07 1.0000000000e+00 2.5025152734e+03 
1.9031794227e-05 1.0000000000e+00 2.0596142415e+03 
9.9730553289e-07 1.0000000000e+00 2.2972734292e+03 
9.9944780379e-07 1.0000000000e+00 2.4833525192e+03 
9.9832339937e-07 1.0000000000e+00 2.3880994994e+03 
9.9854439065e-07 1.0000000000e+00 2.3331006696e+03 
9.9607841302e-07 1.0000000000e+00 2.5099071783e+03 
1.4721145793e-05 1.0000000000e+00 1.6541769367e+03 
9.9912913451e-07 1.0000000000e+00 2.5126925278e+03 
6.8562893835e-06 1.0000000000e+00 2.1251151177e+03 
9.9793521858e-07 1.0000000000e+00 2.3777232551e+03 
2.5687117216e-06 1.0000000000e+00 2.1526346819e+03 
9.9909770136e-07 1.0000000000e+00 2.4108477669e+03 
2.4511732953e-06 1.0000000000e+00 2.4153126395e+03 
1.3771801092e-06 1.0000000000e+00 2.8465732204e+03 
9.9948804098e-07 1.0000000000e+00 2.3101194574e+03 
5.3497210328e-05 1.0000000000e+00 2.3987571000e+03 
2.4257912219e-05 1.0000000000e+00 2.2520530225e+03 
1.0068697811e-05 1.0000000000e+00 2.0744934177e+03 
2.9629942640e-06 1.0000000000e+00 2.2889697695e+03 
1.5050283450e-05 1.0000000000e+00 2.1439903988e+03 
9.9756882210e-07 1.0000000000e+00 2.2639449775e+03 
3.6648654305e-05 1.0000000000e+00 2.4248708784e+03 
1.7111731817e-05 1.0000000000e+00 2.1784197974e+03 
9.9613115408e-07 1.0000000000e+00 2.4637470526e+03 
9.9800992581e-07 1.0000000000e+00 2.4893928417e+03 
9.9744379710e-07 1.0000000000e+00 2.9598486681e+03 
9.9876517052e-07 1.0000000000e+00 2.4378996142e+03 
9.9765992684e-07 1.0000000000e+00 2.5034649550e+03 
8.3862119137e-06 1.0000000000e+00 2.2728777404e+03 
3.1092384099e-06 1.0000000000e+00 2.2341868201e+03 
3.6754967031e-05 1.0000000000e+00 2.4368978753e+03 
9.9975428415e-07 1.0000000000e+00 2.3849026044e+03 
9.9978523113e-07 1.0000000000e+00 2.3775084108e+03 
9.9907280641e-07 1.0000000000e+00 2.4781716743e+03 
9.9979756594e-07 1.0000000000e+00 2.4174613338e+03 
9.9910618562e-07 1.0000000000e+00 2.2716569535e+03 
9.9931405800e-07 1.0000000000e+00 2.4770102221e+03 
9.9248577578e-07 1.0000000000e+00 2.3886799665e+03 
9.9970497840e-07 1.0000000000e+00 2.4885235551e+03 
2.0389151556e-05 1.0000000000e+00 1.8354409611e+03 
9.9902439430e-07 1.0000000000e+00 2.1707342999e+03 
9.9984290651e-07 1.0000000000e+00 2.4417708702e+03 
9.9895953193e-07 1.0000000000e+00 2.1744633464e+03 
9.9963642371e-07 1.0000000000e+00 2.4519331263e+03 
9.5190043412e-07 1.0000000000e+00 2.2238822912e+03 
9.9851170604e-07 1.0000000000e+00 2.4779190903e+03 
3.9233814945e-05 1.0000000000e+00 2.2439547441e+03 
9.9452945104e-07 1.0000000000e+00 2.2642919010e+03 
6.0271775736e-05 1.0000000000e+00 2.0867346707e+03 
2.5952306325e-04 1.0000000000e+00 2.5656528792e+03 
9.9917748693e-07 1.0000000000e+00 2.5960556071e+03 
4.0820018724e-06 1.0000000000e+00 2.2169296115e+03 
9.9920053459e-07 1.0000000000e+00 2.3413410834e+03 
6.1607942195e-06 1.0000000000e+00 2.2595836182e+03 
9.8520522789e-06 1.0000000000e+00 2.3909216392e+03 
2.7420380792e-06 1.0000000000e+00 2.2509335060e+03 
4.6420339717e-06 1.0000000000e+00 2.3670021659e+03 
1.4417786878e-05 1.0000000000e+00 2.1930193585e+03 
9.9738986971e-07 1.0000000000e+00 2.9195611036e+03 
8.2854232094e-06 1.0000000000e+00 2.2993637694e+03 
9.9770283279e-07 1.0000000000e+00 2.3001308451e+03 
9.9970818887e-07 1.0000000000e+00 2.5180103714e+03 
9.9330801112e-07 1.0000000000e+00 2.9256385588e+03 
9.9581649143e-07 1.0000000000e+00 2.5032253055e+03 
9.9782132975e-07 1.0000000000e+00 2.3144790239e+03 
1.6268943433e-06 1.0000000000e+00 2.1837512146e+03 
1.9688215404e-06 1.0000000000e+00 2.2374469348e+03 
2.7057226896e-06 1.0000000000e+00 2.2208601808e+03 
9.9965614947e-07 1.0000000000e+00 2.4371227316e+03 
9.9983787934e-07 1.0000000000e+00 2.3493378147e+03 
7.4457401048e-06 1.0000000000e+00 2.0430702193e+03 
2.2522945118e-05 1.0000000000e+00 2.2382728449e+03 
7.9171309523e-07 1.0000000000e+00 2.3772344434e+03 
9.9891155595e-07 1.0000000000e+00 2.3289480713e+03 
9.9855873841e-07 1.0000000000e+00 2.1682585614e+03 
1.7457096261e-04 1.0000000000e+00 2.4761966274e+03 
9.9897676517e-07 1.0000000000e+00 2.3753912768e+03 
1.8664734701e-05 1.0000000000e+00 1.6088136443e+03 
9.9973752440e-07 1.0000000000e+00 2.4889685241e+03 
7.0484477211e-06 1.0000000000e+00 2.7260588439e+03 
9.9745263841e-07 1.0000000000e+00 2.3933572850e+03 
9.9551539563e-07 1.0000000000e+00 2.6221037109e+03 
9.8110992387e-07 1.0000000000e+00 2.2707766413e+03 
9.9829930883e-07 1.0000000000e+00 2.5548241843e+03 
1.4422812248e-04 1.0000000000e+00 2.6833816327e+03 
9.9839666908e-07 1.0000000000e+00 2.5162453099e+03 
9.9744816292e-07 1.0000000000e+00 2.4664858915e+03 
9.9668028218e-07 1.0000000000e+00 2.5801054156e+03 
9.9905124247e-07 1.0000000000e+00 2.2991541608e+03 
9.9567546079e-07 1.0000000000e+00 2.3471872345e+03 
9.9919516912e-07 1.0000000000e+00 2.3536783758e+03 
9.9103706616e-07 1.0000000000e+00 2.2622482326e+03 
9.9910403865e-07 1.0000000000e+00 2.4315191709e+03 
9.9932207873e-07 1.0000000000e+00 2.4394470243e+03 
9.9931183517e-07 1.0000000000e+00 2.4227138713e+03 
1.8778973976e-06 1.0000000000e+00 2.1862107721e+03 
9.9969548144e-07 1.0000000000e+00 2.3558860826e+03 
2.8953174973e-05 1.0000000000e+00 1.8904321092e+03 
9.9904489742e-07 1.0000000000e+00 2.4204702226e+03 
9.9797190360e-07 1.0000000000e+00 2.2652222048e+03 
9.9892698319e-07 1.0000000000e+00 2.3201955887e+03 
1.1873969174e-06 1.0000000000e+00 2.3642580185e+03 
9.9392824940e-07 1.0000000000e+00 2.5949322932e+03 
9.9943099323e-07 1.0000000000e+00 2.2940637423e+03 
2.8797469047e-06 1.0000000000e+00 2.0359353189e+03 
9.5664544794e-07 1.0000000000e+00 2.4581082773e+03 
2.9965474762e-06 1.0000000000e+00 2.7748851373e+03 
9.9472341788e-07 1.0000000000e+00 2.7529711861e+03 
9.9949651214e-07 1.0000000000e+00 2.5250045348e+03 
9.9719169996e-07 1.0000000000e+00 2.2793162678e+03 
9.9948332431e-07 1.0000000000e+00 2.3823419423e+03 
9.9952338983e-07 1.0000000000e+00 2.6907438083e+03 
1.3062882622e-06 1.0000000000e+00 2.0985501513e+03 
1.7115005958e-06 1.0000000000e+00 2.1588080048e+03 
9.9005675994e-06 1.0000000000e+00 2.1203858527e+03 
4.1606200959e-06 1.0000000000e+00 2.2313654370e+03 
9.9459273873e-07 1.0000000000e+00 2.6221290006e+03 
5.0341190461e-05 1.0000000000e+00 2.4640352749e+03 
9.9990363902e-07 1.0000000000e+00 2.4505041495e+03 
9.9644504855e-07 1.0000000000e+00 2.3737398565e+03 
9.9493648018e-07 1.0000000000e+00 2.7885834512e+03 
1.7641690112e-05 1.0000000000e+00 1.9238823591e+03 
2.1063123189e-05 1.0000000000e+00 2.0233613326e+03 
1.9126835188e-05 1.0000000000e+00 2.4541424381e+03 
9.9832437546e-07 1.0000000000e+00 2.4863110680e+03 
1.1796545509e-05 1.0000000000e+00 2.0299614244e+03 
3.7455024190e-06 1.0000000000e+00 2.2101752695e+03 
1.4772981680e-06 1.0000000000e+00 2.8252447316e+03 
7.0342699529e-06 1.0000000000e+00 2.6328309592e+03 
9.9530377680e-07 1.0000000000e+00 2.4928214056e+03 
9.9029049542e-07 1.0000000000e+00 2.3693664826e+03 
9.9932368099e-07 1.0000000000e+00 2.2411843247e+03 
3.9848068843e-06 1.0000000000e+00 2.3435476686e+03 
9.9856879583e-07 1.0000000000e+00 2.2608425227e+03 
9.9937672029e-07 1.0000000000e+00 2.2657901787e+03 
9.9954609209e-07 1.0000000000e+00 2.2321506718e+03 
9.9919711035e-07 1.0000000000e+00 2.4675973893e+03 
9.9779915024e-07 1.0000000000e+00 2.4285155183e+03 
3.8264911537e-04 1.0000000000e+00 6.7639719227e+02 
8.5514286091e-07 1.0000000000e+00 2.3838870723e+03 
9.9792338186e-07 1.0000000000e+00 2.5644469290e+03 
9.9513700431e-07 1.0000000000e+00 2.6926594447e+03 
9.9731688437e-07 1.0000000000e+00 2.2668503181e+03 
1.8977593335e-06 1.0000000000e+00 2.3267839101e+03 
6.3210007028e-05 1.0000000000e+00 2.2768771366e+03 
1.2781675386e-06 1.0000000000e+00 2.2806057858e+03 
9.9879008679e-07 1.0000000000e+00 2.2998293500e+03 
1.5603572621e-06 1.0000000000e+00 2.3943802456e+03 
9.9523270677e-07 1.0000000000e+00 2.5863590434e+03 
1.0176184092e-04 1.0000000000e+00 2.2999797351e+03 
3.9152485638e-05 1.0000000000e+00 2.3435506461e+03 
1.6930670248e-06 1.0000000000e+00 2.3526355991e+03 
1.6225732185e-05 1.0000000000e+00 2.3653233990e+03 
8.9111209132e-06 1.0000000000e+00 2.4947072930e+03 
9.9948532660e-07 1.0000000000e+00 2.4376761505e+03 
9.9856715859e-07 1.0000000000e+00 2.4501391995e+03 
1.1635466643e-04 1.0000000000e+00 2.6774540055e+03 
2.1543971814e-03 1.0000000000e+00 3.6653152400e+02 
8.9007690249e-06 1.0000000000e+00 2.0308140976e+03 
9.9980139932e-07 1.0000000000e+00 2.3258160266e+03 
9.9295703312e-07 1.0000000000e+00 2.8063120801e+03 
1.0447912659e-05 1.0000000000e+00 2.0860493894e+03 
1.4016554552e-05 1.0000000000e+00 2.0812152382e+03 
9.9789627047e-07 1.0000000000e+00 2.7119344736e+03 
2.3391301249e-06 1.0000000000e+00 2.0764202283e+03 
9.9975995181e-07 1.0000000000e+00 2.4149398596e+03 
9.9658332518e-07 1.0000000000e+00 2.4298194761e+03 
9.9700383625e-07 1.0000000000e+00 2.5077071377e+03 
9.9840539946e-07 1.0000000000e+00 2.4050030531e+03 
2.8226517714e-05 1.0000000000e+00 2.3436135504e+03 
2.2734839374e-06 1.0000000000e+00 2.5395582142e+03 
2.7477048847e-06 1.0000000000e+00 2.1307040693e+03 
2.4258685373e-04 1.0000000000e+00 2.4413483589e+03 
9.9001468022e-07 1.0000000000e+00 2.2115686835e+03 
9.9940825989e-07 1.0000000000e+00 2.4235949466e+03 
9.9768844315e-07 1.0000000000e+00 2.2065051093e+03 
9.9957156513e-07 1.0000000000e+00 2.8255090357e+03 
3.4315341712e-05 1.0000000000e+00 2.4328732303e+03 
8.3124388159e-05 1.0000000000e+00 2.3317222077e+03 
9.9989724949e-07 1.0000000000e+00 2.2699267172e+03 
2.5711773205e-06 1.0000000000e+00 2.3051052455e+03 
9.8834748176e-07 1.0000000000e+00 2.4777367955e+03 
9.9876844142e-07 1.0000000000e+00 2.6429629348e+03 
9.8589278049e-07 1.0000000000e+00 2.3300688576e+03 
3.0545533239e-06 1.0000000000e+00 2.4842843363e+03 
9.9934218460e-07 1.0000000000e+00 2.2525612823e+03 
1.1854695240e-04 1.0000000000e+00 2.4913422830e+03 
2.8118538914e-06 1.0000000000e+00 2.2822243513e+03 
9.9747505012e-07 1.0000000000e+00 2.1821751683e+03 
3.6043918279e-05 1.0000000000e+00 2.0837688865e+03 
1.8260617887e-06 1.0000000000e+00 2.7868593736e+03 
9.9642617269e-07 1.0000000000e+00 2.6339485286e+03 
9.8758613739e-07 1.0000000000e+00 2.2845955646e+03 
1.5439701363e-06 1.0000000000e+00 2.3209008812e+03 
1.5079255599e-05 1.0000000000e+00 2.2750150616e+03 
2.7062142915e-05 1.0000000000e+00 2.1646528638e+03 
8.3179798429e-06 1.0000000000e+00 2.3399696153e+03 
9.9738453532e-07 1.0000000000e+00 2.4057449647e+03 
1.2602195604e-05 1.0000000000e+00 2.4598639553e+03 
1.8973327965e-06 1.0000000000e+00 2.3336217829e+03 
9.9852591836e-07 1.0000000000e+00 2.5892076447e+03 
5.9027030428e-06 1.0000000000e+00 2.1647848380e+03 
2.4912367489e-05 1.0000000000e+00 2.4793954399e+03 
9.6572256266e-07 1.0000000000e+00 2.4846460768e+03 
2.7411577108e-06 1.0000000000e+00 2.4760880854e+03 
9.9541727577e-07 1.0000000000e+00 2.6095610157e+03 
9.9601658103e-07 1.0000000000e+00 2.5637371280e+03 
6.1343339268e-06 1.0000000000e+00 2.2629160217e+03 
9.9561828068e-07 1.0000000000e+00 2.5813784422e+03 
3.6775403585e-05 1.0000000000e+00 2.6309001145e+03 
2.6987829117e-05 1.0000000000e+00 1.9245905577e+03 
2.9760309480e-05 1.0000000000e+00 2.3975737221e+03 
1.6231594207e-05 1.0000000000e+00 1.7553651921e+03 
9.9914039721e-07 1.0000000000e+00 2.6758184965e+03 
2.1073058401e-05 1.0000000000e+00 2.3072075750e+03 
9.8944847242e-07 1.0000000000e+00 2.3976184482e+03 
4.4605634633e-06 1.0000000000e+00 2.0515426800e+03 
3.9671145502e-06 1.0000000000e+00 2.2572077399e+03 
3.1174859744e-06 1.0000000000e+00 2.2416337202e+03 
9.9648399551e-07 1.0000000000e+00 2.4784211382e+03 
1.3857728491e-04 1.0000000000e+00 1.9115954494e+03 
3.6355948895e-06 1.0000000000e+00 2.8313678988e+03 
1.6308793885e-06 1.0000000000e+00 2.4344279832e+03 
1.6924272369e-05 1.0000000000e+00 1.9608144726e+03 
9.9935216588e-07 1.0000000000e+00 2.7068033805e+03 
9.9847393441e-07 1.0000000000e+00 2.5101567593e+03 
1.0751433246e-04 1.0000000000e+00 2.6502455619e+03 
9.9686199016e-07 1.0000000000e+00 2.5616280410e+03 
2.6045797303e-06 1.0000000000e+00 2.6285729238e+03 
9.9935452714e-07 1.0000000000e+00 2.4773501931e+03 
9.9739171862e-07 1.0000000000e+00 2.6682201244e+03 
7.7608404602e-06 1.0000000000e+00 2.2198622835e+03 
5.9514849592e-05 1.0000000000e+00 2.6213147473e+03 
8.8176363696e-06 1.0000000000e+00 2.1717562369e+03 
9.9500752080e-07 1.0000000000e+00 2.3823116619e+03 
9.9418602501e-07 1.0000000000e+00 2.6259083266e+03 
2.5821892120e-06 1.0000000000e+00 2.2743980047e+03 
1.9556727776e-06 1.0000000000e+00 2.2551132920e+03 
5.6909351618e-05 1.0000000000e+00 1.1791930445e+03 
7.6748922310e-06 1.0000000000e+00 2.3149341119e+03 
9.5854185274e-07 1.0000000000e+00 2.4045002106e+03 
9.9991995183e-07 1.0000000000e+00 2.2051395410e+03 
9.9908891277e-07 1.0000000000e+00 2.5286690091e+03 
1.2992165030e-05 1.0000000000e+00 2.7045276314e+03 
7.4010513225e-06 1.0000000000e+00 2.2859136278e+03 
9.8629444060e-07 1.0000000000e+00 2.3629430845e+03 
4.3058149816e-06 1.0000000000e+00 2.4066057445e+03 
9.9734332631e-07 1.0000000000e+00 2.3678175363e+03 
2.5994801376e-05 1.0000000000e+00 2.0181682857e+03 
9.9425401387e-07 1.0000000000e+00 2.3879493135e+03 
9.9972224273e-07 1.0000000000e+00 2.1922756739e+03 
2.4601235448e-05 1.0000000000e+00 2.0880870474e+03 
3.0606394811e-06 1.0000000000e+00 2.1538491971e+03 
9.9599467306e-07 1.0000000000e+00 2.8640474562e+03 
9.3858861952e-06 1.0000000000e+00 2.0656439159e+03 
7.4625439147e-06 1.0000000000e+00 2.4533051884e+03 
9.9688088982e-07 1.0000000000e+00 2.5812015589e+03 
4.4382582518e-06 1.0000000000e+00 2.1376202936e+03 
9.9905488235e-07 1.0000000000e+00 2.4293301646e+03 
3.4999832749e-05 1.0000000000e+00 1.7599333614e+03 
9.9970342137e-07 1.0000000000e+00 2.3479489033e+03 
9.9727215815e-07 1.0000000000e+00 2.2661179450e+03 
9.9869683982e-07 1.0000000000e+00 2.4903643864e+03 
8.2255556821e-04 1.0000000000e+00 3.6614533299e+02 
1.3169018076e-05 1.0000000000e+00 2.3013666122e+03 
9.9799624813e-07 1.0000000000e+00 2.2262217513e+03 
3.9014487441e-06 1.0000000000e+00 2.1255943328e+03 
2.6300826087e-05 1.0000000000e+00 2.2190513357e+03 
9.9515779385e-07 1.0000000000e+00 3.0071708715e+03 
9.9968744518e-07 1.0000000000e+00 2.4296929468e+03 
9.9615130375e-07 1.0000000000e+00 2.5460815715e+03 
1.3192463574e-05 1.0000000000e+00 2.7825753324e+03 
1.5559564990e-05 1.0000000000e+00 1.7859095385e+03 
2.4213234418e-05 1.0000000000e+00 2.2767646452e+03 
9.9810702927e-07 1.0000000000e+00 2.2925061389e+03 
9.9961409876e-07 1.0000000000e+00 2.5648292755e+03 
9.9914756096e-07 1.0000000000e+00 2.4547973884e+03 
9.9725364764e-07 1.0000000000e+00 2.3744349783e+03 
5.7191897429e-06 1.0000000000e+00 2.1942896899e+03 
1.7520342085e-06 1.0000000000e+00 2.3753825275e+03 
4.4426246499e-05 1.0000000000e+00 1.9900174359e+03 
1.3513529736e-05 1.0000000000e+00 1.5814695428e+03 
1.7183734554e-06 1.0000000000e+00 2.2836933183e+03 
9.9862092679e-07 1.0000000000e+00 2.3894219783e+03 
3.2719677553e-05 1.0000000000e+00 2.4223112646e+03 
2.8504751866e-06 1.0000000000e+00 2.2789877340e+03 
4.8879814789e-06 1.0000000000e+00 2.1920969485e+03 
3.0617372093e-06 1.0000000000e+00 2.3065019233e+03 
4.8575681692e-06 1.0000000000e+00 2.1400984042e+03 
9.9640991699e-07 1.0000000000e+00 2.4541024511e+03 
4.2456303652e-06 1.0000000000e+00 2.1042089327e+03 
9.9639728426e-07 1.0000000000e+00 2.7669745698e+03 
1.8764840156e-06 1.0000000000e+00 2.4155695817e+03 
5.7842386342e-05 1.0000000000e+00 2.3950517981e+03 
2.1662021968e-05 1.0000000000e+00 2.1373146967e+03 
9.9323414231e-07 1.0000000000e+00 3.0372043162e+03 
9.9981925584e-07 1.0000000000e+00 2.3594768639e+03 
9.9545169469e-07 1.0000000000e+00 2.4797364612e+03 
6.9446089399e-06 1.0000000000e+00 2.4419961079e+03 
9.9630619569e-07 1.0000000000e+00 2.4153501128e+03 
2.3839275270e-06 1.0000000000e+00 2.2084899259e+03 
6.0183368062e-05 1.0000000000e+00 2.2702491324e+03 
0.0000000000e+00 0.0000000000e+00 3.0539801619e+03 
2.2118181753e-05 1.0000000000e+00 2.2002987127e+03 
9.9773790138e-07 1.0000000000e+00 2.5419974017e+03 
9.9948528464e-07 1.0000000000e+00 2.4179900560e+03 
2.0187196835e-05 1.0000000000e+00 1.9083662668e+03 
9.9953825038e-07 1.0000000000e+00 2.2616358191e+03 
9.9814915484e-07 1.0000000000e+00 2.3582496842e+03 
3.4064100158e-06 1.0000000000e+00 2.3179943279e+03 
9.9974566406e-07 1.0000000000e+00 2.2735855214e+03 
9.9876593689e-07 1.0000000000e+00 2.6725767514e+03 
9.7953264191e-06 1.0000000000e+00 2.0626267050e+03 
9.9845571296e-07 1.0000000000e+00 2.4275324539e+03 
9.7135489099e-07 1.0000000000e+00 2.6509027149e+03 
9.9820604919e-07 1.0000000000e+00 2.3792357790e+03 
1.6186540037e-06 1.0000000000e+00 2.1996592730e+03 
1.1121557821e-04 1.0000000000e+00 2.7275160696e+03 
2.5779180794e-06 1.0000000000e+00 2.0642433268e+03 
9.9937166200e-07 1.0000000000e+00 2.1440527539e+03 
9.9849257151e-07 1.0000000000e+00 2.3106886976e+03 
1.0337117026e-05 1.0000000000e+00 2.1258670779e+03 
1.3943285813e-05 1.0000000000e+00 2.4049677465e+03 
9.9842650370e-07 1.0000000000e+00 2.4000913389e+03 
9.9688179716e-07 1.0000000000e+00 2.3617766760e+03 
5.7201672692e-05 1.0000000000e+00 2.4322327754e+03 
9.9758205339e-07 1.0000000000e+00 2.4656829563e+03 
9.9621972606e-07 1.0000000000e+00 2.4372084133e+03 
9.9726110391e-07 1.0000000000e+00 2.5670723464e+03 
2.1300633383e-05 1.0000000000e+00 2.0540107634e+03 
2.0771266155e-06 1.0000000000e+00 2.1439104547e+03 
1.6007049126e-05 1.0000000000e+00 2.1877756042e+03 
1.6949652208e-05 1.0000000000e+00 2.2367302581e+03 
9.9817720027e-07 1.0000000000e+00 2.5780890929e+03 
2.9562231592e-05 1.0000000000e+00 2.1941620772e+03 
2.3531803264e-05 1.0000000000e+00 2.1136331218e+03 
9.9776077567e-07 1.0000000000e+00 2.6671351993e+03 
9.9896949698e-07 1.0000000000e+00 2.2928098976e+03 
9.9263999156e-07 1.0000000000e+00 2.6462916704e+03 
9.9975637710e-07 1.0000000000e+00 2.2262376220e+03 
1.1625686314e-06 1.0000000000e+00 2.3562732938e+03 
9.9785960311e-07 1.0000000000e+00 2.5618524375e+03 
3.7257113644e-06 1.0000000000e+00 2.4767424352e+03 
9.9717945918e-07 1.0000000000e+00 2.4681852630e+03 
9.9975086275e-07 1.0000000000e+00 2.4526553912e+03 
9.9900073824e-07 1.0000000000e+00 2.3612911235e+03 
9.9762565957e-07 1.0000000000e+00 2.3742846813e+03 
9.9378344767e-07 1.0000000000e+00 2.7011306543e+03 
3.8688428357e-06 1.0000000000e+00 2.1508903503e+03 
9.9858038547e-07 1.0000000000e+00 2.3017641262e+03 
7.9183220854e-06 1.0000000000e+00 2.4174249340e+03 
9.9979237761e-07 1.0000000000e+00 2.3076339053e+03 
9.9907057293e-07 1.0000000000e+00 2.2958593681e+03 
9.9920885888e-07 1.0000000000e+00 2.4608506804e+03 
3.0964997424e-06 1.0000000000e+00 2.1871279792e+03 
2.0586551308e-06 1.0000000000e+00 2.3920729432e+03 
3.5136991633e-06 1.0000000000e+00 2.1706958276e+03 
4.6727503800e-06 1.0000000000e+00 2.2110424395e+03 
9.9968986744e-07 1.0000000000e+00 2.3128728625e+03 
9.8451549759e-07 1.0000000000e+00 2.3676663577e+03 
4.4440725985e-05 1.0000000000e+00 2.4261094653e+03 
1.2520340710e-05 1.0000000000e+00 1.7344540250e+03 
1.3784055081e-03 1.0000000000e+00 4.0534144983e+02 
1.1069562672e-05 1.0000000000e+00 1.8690764471e+03 
9.9711472606e-07 1.0000000000e+00 2.6328481372e+03 
9.9829161314e-07 1.0000000000e+00 2.3077673590e+03 
9.9970160534e-07 1.0000000000e+00 2.3825014601e+03 
1.2581722982e-06 1.0000000000e+00 2.1455828397e+03 
9.9828449617e-07 1.0000000000e+00 2.6042005620e+03 
7.3707844940e-05 1.0000000000e+00 2.2585284727e+03 
6.5790455034e-05 1.0000000000e+00 2.1969953033e+03 
9.9895874416e-07 1.0000000000e+00 2.5880998497e+03 
4.0018393031e-06 1.0000000000e+00 2.4047642736e+03 
1.1995824746e-05 1.0000000000e+00 2.1758498542e+03 
1.1174207865e-05 1.0000000000e+00 2.2452369747e+03 
4.8979934859e-06 1.0000000000e+00 2.2160743814e+03 
9.9920428809e-07 1.0000000000e+00 2.3265304367e+03 
7.4365375408e-07 1.0000000000e+00 2.4059477862e+03 
8.6313350087e-07 1.0000000000e+00 2.2540490864e+03 
4.9668326816e-06 1.0000000000e+00 2.2960565500e+03 
9.9543284470e-07 1.0000000000e+00 2.7571742019e+03 
1.7978577792e-06 1.0000000000e+00 2.3114759466e+03 
9.9496787660e-07 1.0000000000e+00 2.3649985099e+03 
9.9665741950e-07 1.0000000000e+00 2.9511800769e+03 
9.9933341588e-07 1.0000000000e+00 2.4579708328e+03 
9.9861558027e-07 1.0000000000e+00 2.6208662608e+03 
1.0835655953e-06 1.0000000000e+00 2.5233467214e+03 
9.9866233331e-07 1.0000000000e+00 2.4489405955e+03 
2.1490945462e-05 1.0000000000e+00 1.9382652294e+03 
6.7826744602e-05 1.0000000000e+00 1.7802052928e+03 
9.9956767231e-07 1.0000000000e+00 2.2199527755e+03 
1.9724666360e-06 1.0000000000e+00 2.1555978919e+03 
9.9867522164e-07 1.0000000000e+00 2.2758723766e+03 
9.9441871767e-07 1.0000000000e+00 2.5642892119e+03 
9.9825608706e-07 1.0000000000e+00 2.4470307733e+03 
9.9683274742e-07 1.0000000000e+00 2.4247316055e+03 
9.9944819861e-07 1.0000000000e+00 2.4850608697e+03 
9.6280745732e-07 1.0000000000e+00 2.4349606734e+03 
9.9619632498e-07 1.0000000000e+00 2.4639793923e+03 
2.1284594760e-05 1.0000000000e+00 2.2000602453e+03 
4.8674048964e-05 1.0000000000e+00 4.7034583344e+02 
9.9772696536e-07 1.0000000000e+00 2.4180799933e+03 
9.9514738989e-07 1.0000000000e+00 2.7209420081e+03 
9.9633487060e-07 1.0000000000e+00 2.6895040369e+03 
6.1589684265e-05 1.0000000000e+00 2.4683534259e+03 
9.9665884857e-07 1.0000000000e+00 2.2945587305e+03 
5.5353129171e-06 1.0000000000e+00 2.1553331561e+03 
9.9904636906e-07 1.0000000000e+00 2.2546895760e+03 
4.9160513343e-05 1.0000000000e+00 2.2177948491e+03 
9.9849444612e-07 1.0000000000e+00 2.4122215214e+03 
3.6743003282e-04 1.0000000000e+00 1.3480537404e+03 
9.9837288455e-07 1.0000000000e+00 2.3048900191e+03 
9.9668590482e-07 1.0000000000e+00 2.3942977550e+03 
2.1025146491e-05 1.0000000000e+00 2.1467507843e+03 
3.4604963956e-05 1.0000000000e+00 2.0798484789e+03 
9.9550881388e-07 1.0000000000e+00 2.5554018476e+03 
5.0362650010e-06 1.0000000000e+00 2.6019696719e+03 
1.1910659904e-05 1.0000000000e+00 2.2495653273e+03 
9.9904613066e-07 1.0000000000e+00 2.3819328294e+03 
3.8467475906e-06 1.0000000000e+00 2.4059808088e+03 
9.9970000826e-07 1.0000000000e+00 2.2767101661e+03 
9.9917233960e-07 1.0000000000e+00 2.3929150169e+03 
3.8049344006e-06 1.0000000000e+00 2.5025297707e+03 
4.3742813877e-05 1.0000000000e+00 2.0646195987e+03 
9.9908352796e-07 1.0000000000e+00 2.3635011517e+03 
9.7385347504e-07 1.0000000000e+00 2.4626252161e+03 
9.9962942072e-07 1.0000000000e+00 2.3069175809e+03 
1.0049535366e-06 1.0000000000e+00 2.3015189281e+03 
9.9604917332e-07 1.0000000000e+00 2.5900657272e+03 
1.8109321585e-06 1.0000000000e+00 2.3336516439e+03 
9.9952511609e-07 1.0000000000e+00 2.5696494010e+03 
9.9880461891e-07 1.0000000000e+00 2.5174826600e+03 
9.9805772479e-07 1.0000000000e+00 2.7358032537e+03 
9.9872739104e-07 1.0000000000e+00 2.3826903950e+03 
1.5913435087e-05 1.0000000000e+00 1.4700990283e+03 
9.7710144682e-07 1.0000000000e+00 2.5450337310e+03 
1.0034779347e-05 1.0000000000e+00 1.2572534983e+03 
2.3557307112e-05 1.0000000000e+00 2.2149809321e+03 
9.9968137338e-07 1.0000000000e+00 2.3258195583e+03 
9.9869496950e-07 1.0000000000e+00 2.3843643404e+03 
9.9818079555e-07 1.0000000000e+00 2.2177238457e+03 
9.9964327241e-07 1.0000000000e+00 2.2661038438e+03 
9.9735306897e-07 1.0000000000e+00 2.1774842768e+03 
2.9125283449e-06 1.0000000000e+00 2.4018151291e+03 
9.9998431058e-07 1.0000000000e+00 2.1746360245e+03 
9.9907379193e-07 1.0000000000e+00 2.4505691224e+03 
2.5699620864e-06 1.0000000000e+00 2.2833554708e+03 
9.9936915219e-07 1.0000000000e+00 2.4891875462e+03 
3.6779230968e-06 1.0000000000e+00 2.2732998303e+03 
1.8011604175e-05 1.0000000000e+00 2.1664274522e+03 
9.9844930713e-07 1.0000000000e+00 2.2604255310e+03 
4.5776597828e-05 1.0000000000e+00 2.1343813495e+03 
9.9951806883e-07 1.0000000000e+00 2.5020258285e+03 
9.9502282594e-07 1.0000000000e+00 2.8506736675e+03 
9.9954589161e-07 1.0000000000e+00 2.4461512167e+03 
9.9916957213e-07 1.0000000000e+00 2.3401429947e+03 
1.4227332677e-05 1.0000000000e+00 2.2093580023e+03 
9.9164048457e-07 1.0000000000e+00 2.7152369481e+03 
9.9520050944e-07 1.0000000000e+00 2.4565774076e+03 
9.9495163259e-07 1.0000000000e+00 2.6707780711e+03 
3.5534696527e-05 1.0000000000e+00 2.3950584996e+03 
9.9207305078e-07 1.0000000000e+00 2.7582242476e+03 
9.7702412276e-07 1.0000000000e+00 2.3673167664e+03 
3.7924156103e-06 1.0000000000e+00 2.1561930321e+03 
9.9573421396e-07 1.0000000000e+00 2.5715912821e+03 
9.9945387503e-07 1.0000000000e+00 2.3717441441e+03 
4.0524129072e-06 1.0000000000e+00 2.3064278342e+03 
9.7003282833e-07 1.0000000000e+00 2.2473006602e+03 
8.4899899463e-06 1.0000000000e+00 2.1555865545e+03 
3.2729403875e-06 1.0000000000e+00 2.0950856262e+03 
9.9593838380e-07 1.0000000000e+00 2.5091082328e+03 
9.9831574953e-07 1.0000000000e+00 3.0253542756e+03 
9.9440205331e-07 1.0000000000e+00 2.5829616184e+03 
9.9868997699e-07 1.0000000000e+00 2.3299035294e+03 
6.3970827539e-06 1.0000000000e+00 2.1652367094e+03 
9.9772120470e-07 1.0000000000e+00 2.7590428985e+03 
0.0000000000e+00 0.0000000000e+00 2.7422589075e+03 
2.0151133734e-06 1.0000000000e+00 2.4639036568e+03 
9.9858525085e-07 1.0000000000e+00 2.2249364418e+03 
1.2804585350e-06 1.0000000000e+00 2.2736811277e+03 
9.9823332811e-07 1.0000000000e+00 2.2935848145e+03 
9.9696779222e-07 1.0000000000e+00 2.2823061872e+03 
1.4003675118e-05 1.0000000000e+00 2.4527290586e+03 
1.2132689544e-06 1.0000000000e+00 2.2718444191e+03 
9.9632410701e-07 1.0000000000e+00 2.9309355686e+03 
9.6721516972e-07 1.0000000000e+00 2.4501876122e+03 
1.0470406164e-05 1.0000000000e+00 2.1917664471e+03 
2.2332315113e-06 1.0000000000e+00 2.0968219111e+03 
9.7007328458e-07 1.0000000000e+00 2.2824344319e+03 
3.3013118680e-05 1.0000000000e+00 2.0220028317e+03 
5.8876031970e-05 1.0000000000e+00 2.2854922860e+03 
9.9836927759e-07 1.0000000000e+00 2.1850548618e+03 
9.9971894984e-07 1.0000000000e+00 2.6622132268e+03 
9.9675459890e-07 1.0000000000e+00 2.2950717542e+03 
9.9977332315e-07 1.0000000000e+00 2.4376023274e+03 
9.9957154090e-07 1.0000000000e+00 2.3982638884e+03 
9.9951692949e-07 1.0000000000e+00 2.3908308222e+03 
8.9657602063e-06 1.0000000000e+00 2.7042712970e+03 
3.7283515374e-06 1.0000000000e+00 2.0907413187e+03 
1.1287961184e-06 1.0000000000e+00 2.2637523451e+03 
6.7451774047e-05 1.0000000000e+00 6.8671461561e+02 
1.0578160469e-06 1.0000000000e+00 2.2555794772e+03 
9.9814152571e-07 1.0000000000e+00 2.3572968484e+03 
9.3363011094e-07 1.0000000000e+00 2.4719799973e+03 
7.6245922311e-06 1.0000000000e+00 2.2439791215e+03 
1.9092990014e-05 1.0000000000e+00 2.0083003420e+03 
9.9920466656e-07 1.0000000000e+00 2.5204825150e+03 
7.8062636461e-05 1.0000000000e+00 1.4682858137e+03 
9.9729422510e-07 1.0000000000e+00 2.2126307244e+03 
9.9891185755e-07 1.0000000000e+00 2.2692203365e+03 
9.9861214582e-07 1.0000000000e+00 2.4419593890e+03 
9.9635961521e-07 1.0000000000e+00 2.5027449392e+03 
9.9326770717e-07 1.0000000000e+00 2.6573363646e+03 
9.9655026439e-07 1.0000000000e+00 2.5538532474e+03 
1.7435828452e-06 1.0000000000e+00 2.2445805726e+03 
9.9825309318e-07 1.0000000000e+00 2.6674887260e+03 
9.9991366928e-07 1.0000000000e+00 2.3654932476e+03 
9.9771369170e-07 1.0000000000e+00 2.9512618883e+03 
7.3891362771e-06 1.0000000000e+00 1.9499091651e+03 
9.5636555549e-07 1.0000000000e+00 2.4149672234e+03 
1.7043795105e-06 1.0000000000e+00 2.2571084726e+03 
9.5746785766e-07 1.0000000000e+00 2.2317852250e+03 
1.8074173326e-05 1.0000000000e+00 2.2532028349e+03 
6.0075080640e-05 1.0000000000e+00 2.6806000359e+03 
5.0418663868e-06 1.0000000000e+00 2.3684714863e+03 
9.9790847576e-07 1.0000000000e+00 2.4635872461e+03 
4.9265085833e-06 1.0000000000e+00 2.1873516725e+03 
9.9881261578e-07 1.0000000000e+00 2.7520928984e+03 
9.9895901122e-07 1.0000000000e+00 2.4258183018e+03 
9.9601588823e-07 1.0000000000e+00 2.5595437806e+03 
9.9733332964e-07 1.0000000000e+00 2.3434678011e+03 
9.9775016189e-07 1.0000000000e+00 2.5087243078e+03 
5.0501281490e-06 1.0000000000e+00 2.7632269932e+03 
9.9747967313e-07 1.0000000000e+00 2.7365955732e+03 
9.9708342206e-07 1.0000000000e+00 2.4663420661e+03 
7.5026822204e-05 1.0000000000e+00 2.4420172094e+03 
5.0304828530e-06 1.0000000000e+00 2.2272546895e+03 
7.4529113520e-06 1.0000000000e+00 2.2662459412e+03 
8.0707355915e-05 1.0000000000e+00 2.7524307945e+03 
9.9481414769e-07 1.0000000000e+00 2.8180354665e+03 
4.5379820569e-05 1.0000000000e+00 2.2303209973e+03 
9.9785043915e-07 1.0000000000e+00 2.9624340840e+03 
1.0575459376e-05 1.0000000000e+00 2.2158401335e+03 
1.7150366872e-05 1.0000000000e+00 2.3273833819e+03 
9.9976335764e-07 1.0000000000e+00 2.3911148202e+03 
1.0249869817e-06 1.0000000000e+00 2.2826354538e+03 
9.9943484738e-07 1.0000000000e+00 2.4758760200e+03 
9.9863679347e-07 1.0000000000e+00 2.3124069825e+03 
9.9653996489e-07 1.0000000000e+00 2.6611276662e+03 
1.2640879814e-06 1.0000000000e+00 2.4241794399e+03 
9.9984964726e-07 1.0000000000e+00 2.3622112661e+03 
2.4255531486e-06 1.0000000000e+00 2.1808790258e+03 
1.4730580069e-05 1.0000000000e+00 9.7251798105e+02 
9.9807638053e-07 1.0000000000e+00 2.3424796165e+03 
9.9917615826e-07 1.0000000000e+00 2.3170692770e+03 
4.1347528519e-06 1.0000000000e+00 2.1053919409e+03 
8.8776708418e-06 1.0000000000e+00 2.1842741787e+03 
9.6972939360e-07 1.0000000000e+00 2.4156295362e+03 
9.9960213597e-07 1.0000000000e+00 2.3313696745e+03 
9.9843215365e-07 1.0000000000e+00 2.5687300334e+03 
3.0507254759e-06 1.0000000000e+00 2.3126636817e+03 
9.9948666479e-07 1.0000000000e+00 2.2162470274e+03 
9.9798825892e-07 1.0000000000e+00 2.3216424312e+03 
2.5279906972e-05 1.0000000000e+00 2.1593978497e+03 
9.9861276997e-07 1.0000000000e+00 2.9635768273e+03 
9.9739096668e-07 1.0000000000e+00 3.0058721078e+03 
9.9715589938e-07 1.0000000000e+00 2.4498416360e+03 
9.9901305906e-07 1.0000000000e+00 2.1638583675e+03 
1.4448635879e-06 1.0000000000e+00 2.4352671184e+03 
5.9736067536e-05 1.0000000000e+00 2.2949014740e+03 
1.5680757507e-05 1.0000000000e+00 1.6026609601e+03 
9.9744605221e-07 1.0000000000e+00 2.2117438991e+03 
9.9903868379e-07 1.0000000000e+00 2.3126379922e+03 
7.6548785654e-06 1.0000000000e+00 2.0661993668e+03 
1.3338807582e-06 1.0000000000e+00 2.3890600391e+03 
7.4500740477e-06 1.0000000000e+00 2.2789291199e+03 
1.8058632427e-06 1.0000000000e+00 2.4479735778e+03 
9.9951249400e-07 1.0000000000e+00 2.2978040376e+03 
2.2095244731e-05 1.0000000000e+00 2.3634030137e+03 
0.0000000000e+00 0.0000000000e+00 2.9986555004e+03 
9.7357082658e-07 1.0000000000e+00 2.2892405919e+03 
9.9966042631e-07 1.0000000000e+00 2.4534463244e+03 
7.1216713988e-06 1.0000000000e+00 2.2124370678e+03 
4.3356231160e-05 1.0000000000e+00 2.1829671077e+03 
2.3658440488e-05 1.0000000000e+00 1.7548788274e+03 
9.9786440201e-07 1.0000000000e+00 2.5029519439e+03 
9.9995976747e-07 1.0000000000e+00 2.4715457510e+03 
4.1056291649e-05 1.0000000000e+00 2.1901157390e+03 
9.9564863270e-07 1.0000000000e+00 2.4167328364e+03 
9.9559510919e-07 1.0000000000e+00 2.3493653555e+03 
6.2571184677e-06 1.0000000000e+00 2.5181026087e+03 
1.0968393390e-05 1.0000000000e+00 2.3160674426e+03 
9.9864502547e-07 1.0000000000e+00 2.4300411213e+03 
2.0728062351e-05 1.0000000000e+00 2.1748425533e+03 
9.8856157054e-07 1.0000000000e+00 2.3870720805e+03 
6.4718616951e-05 1.0000000000e+00 6.0399661761e+02 
1.8963111547e-06 1.0000000000e+00 2.1940824237e+03 
9.7662516263e-06 1.0000000000e+00 2.1548718115e+03 
9.9987752809e-07 1.0000000000e+00 2.5914688722e+03 
9.9656971800e-07 1.0000000000e+00 2.9376693917e+03 
9.9980402952e-07 1.0000000000e+00 2.3849545062e+03 
2.6211368443e-06 1.0000000000e+00 2.8281305032e+03 
1.3330620343e-05 1.0000000000e+00 2.6940800639e+03 
9.9998333176e-07 1.0000000000e+00 2.6028346934e+03 
2.4436021052e-05 1.0000000000e+00 2.0933805964e+03 
9.9916388439e-07 1.0000000000e+00 2.3981581645e+03 
1.5484853080e-06 1.0000000000e+00 2.3052256171e+03 
3.2301124829e-05 1.0000000000e+00 2.2707018581e+03 
9.9902402440e-07 1.0000000000e+00 2.4808907710e+03 
9.9826373838e-07 1.0000000000e+00 2.4423821355e+03 
9.9323293156e-07 1.0000000000e+00 2.6645516255e+03 
9.9526388524e-07 1.0000000000e+00 2.3695216567e+03 
9.9907507234e-07 1.0000000000e+00 2.3485751283e+03 
9.9951858035e-07 1.0000000000e+00 2.1376573668e+03 
6.0398611694e-06 1.0000000000e+00 2.2978107789e+03 
5.1643937328e-05 1.0000000000e+00 2.3398454564e+03 
9.9731045435e-07 1.0000000000e+00 2.1652436228e+03 
6.2611134731e-06 1.0000000000e+00 2.1590996442e+03 
9.9946032098e-07 1.0000000000e+00 2.3335034722e+03 
9.9938171615e-07 1.0000000000e+00 2.3039937200e+03 
9.9743130970e-07 1.0000000000e+00 2.5974347945e+03 
9.9761272808e-07 1.0000000000e+00 2.2582081864e+03 
9.8627331822e-07 1.0000000000e+00 2.1103369435e+03 
9.9764374976e-07 1.0000000000e+00 2.4599711996e+03 
9.9786782795e-07 1.0000000000e+00 2.6405247005e+03 
4.1803868120e-05 1.0000000000e+00 2.3986139054e+03 
9.9931387926e-07 1.0000000000e+00 2.2879063019e+03 
3.0302544876e-06 1.0000000000e+00 2.3670485600e+03 
9.9629032271e-07 1.0000000000e+00 2.6365750895e+03 
9.9388840510e-07 1.0000000000e+00 2.9369957305e+03 
1.2734401531e-06 1.0000000000e+00 2.3507453259e+03 
9.9671762912e-07 1.0000000000e+00 2.8062000384e+03 
9.9860899348e-07 1.0000000000e+00 2.4239553796e+03 
6.5274282392e-05 1.0000000000e+00 8.3004024990e+02 
1.9887889466e-05 1.0000000000e+00 2.2654363642e+03 
9.9862746811e-07 1.0000000000e+00 2.5217684798e+03 
6.1379239871e-06 1.0000000000e+00 2.1056243262e+03 
9.9450646275e-07 1.0000000000e+00 2.4462836209e+03 
9.9997754631e-07 1.0000000000e+00 2.9896922862e+03 
1.3314199521e-06 1.0000000000e+00 2.1704112032e+03 
9.9877238895e-07 1.0000000000e+00 2.3811304312e+03 
4.5869338191e-05 1.0000000000e+00 2.1864895206e+03 
1.8247730443e-05 1.0000000000e+00 2.2430511508e+03 
9.9601693765e-07 1.0000000000e+00 2.5525911150e+03 
9.9587448567e-07 1.0000000000e+00 2.4764074929e+03 
8.0574944625e-06 1.0000000000e+00 2.2378627426e+03 
1.4746566697e-06 1.0000000000e+00 2.1764534119e+03 
9.9834138976e-07 1.0000000000e+00 2.5531103056e+03 
2.0039202902e-06 1.0000000000e+00 2.0971316150e+03 
1.2943851953e-04 1.0000000000e+00 2.1968722595e+03 
3.1671276259e-05 1.0000000000e+00 2.1021866414e+03 
4.5120143691e-06 1.0000000000e+00 2.0595419041e+03 
1.5363264448e-06 1.0000000000e+00 2.3809171108e+03 
9.9972385475e-07 1.0000000000e+00 2.3892920721e+03 
6.9928778574e-06 1.0000000000e+00 2.4232961309e+03 
6.0476428776e-05 1.0000000000e+00 2.6250093239e+03 
9.9716895068e-07 1.0000000000e+00 2.6886186192e+03 
9.9807562643e-07 1.0000000000e+00 2.5729328726e+03 
1.7687495111e-04 1.0000000000e+00 2.3307007726e+03 
9.9640647051e-07 1.0000000000e+00 2.2702866009e+03 
9.6990240648e-07 1.0000000000e+00 2.4188783910e+03 
9.9925580997e-07 1.0000000000e+00 2.3843803729e+03 
9.9709346712e-07 1.0000000000e+00 2.5311233438e+03 
9.9856894127e-07 1.0000000000e+00 2.5176178224e+03 
9.9841601053e-07 1.0000000000e+00 2.4863124572e+03 
1.0224259259e-05 1.0000000000e+00 2.2257802471e+03 
1.7284678415e-06 1.0000000000e+00 2.1367126092e+03 
1.2103693368e-06 1.0000000000e+00 2.1903512098e+03 
9.9764879763e-07 1.0000000000e+00 2.2340842746e+03 
1.5318128979e-06 1.0000000000e+00 2.2252362123e+03 
1.0897390495e-05 1.0000000000e+00 2.4049599762e+03 
9.9965199603e-07 1.0000000000e+00 2.7947873529e+03 
1.6224023861e-05 1.0000000000e+00 2.4156608468e+03 
9.0467377797e-07 1.0000000000e+00 2.3017990697e+03 
9.9448108449e-07 1.0000000000e+00 2.6132446196e+03 
8.3249969886e-06 1.0000000000e+00 2.3081635669e+03 
9.9538621039e-07 1.0000000000e+00 2.4471119976e+03 
1.3158960298e-06 1.0000000000e+00 2.4150687369e+03 
1.4694540266e-05 1.0000000000e+00 2.2035981936e+03 
1.5245101724e-06 1.0000000000e+00 2.2283461845e+03 
9.9772295263e-07 1.0000000000e+00 2.2929768408e+03 
9.9230386386e-07 1.0000000000e+00 2.2159322933e+03 
9.9943816164e-07 1.0000000000e+00 2.6391407905e+03 
9.9936000311e-07 1.0000000000e+00 3.0072522571e+03 
9.9986277343e-07 1.0000000000e+00 2.5004414371e+03 
8.1269827455e-06 1.0000000000e+00 2.1403441375e+03 
3.4961295012e-05 1.0000000000e+00 2.2526552389e+03 
9.9934941529e-07 1.0000000000e+00 2.6343886784e+03 
8.8767797942e-06 1.0000000000e+00 2.1367215359e+03 
9.9808713290e-07 1.0000000000e+00 2.4384880404e+03 
9.5674311163e-05 1.0000000000e+00 2.3527366228e+03 
8.0746454313e-05 1.0000000000e+00 2.0836813501e+03 
9.9960849512e-07 1.0000000000e+00 2.2380370983e+03 
1.4449066695e-05 1.0000000000e+00 2.1954420421e+03 
9.9487332319e-07 1.0000000000e+00 2.4001021381e+03 
9.0153860012e-06 1.0000000000e+00 2.1808114242e+03 
3.7051357780e-06 1.0000000000e+00 2.2811970422e+03 
1.1569748804e-06 1.0000000000e+00 2.2979892728e+03 
2.0707432725e-05 1.0000000000e+00 1.4832105091e+03 
8.5642046691e-06 1.0000000000e+00 2.3243524195e+03 
1.2684399198e-05 1.0000000000e+00 2.2744251934e+03 
9.9564375984e-07 1.0000000000e+00 2.2661030308e+03 
2.0748381977e-05 1.0000000000e+00 1.9771024516e+03 
9.9492490210e-07 1.0000000000e+00 2.5148280993e+03 
9.9780068237e-07 1.0000000000e+00 2.6117298234e+03 
1.2514705708e-06 1.0000000000e+00 2.4056162180e+03 
5.3424856618e-06 1.0000000000e+00 2.8170043777e+03 
9.7557658030e-07 1.0000000000e+00 2.2533205185e+03 
9.9665831052e-07 1.0000000000e+00 2.3468407872e+03 
9.9978730438e-07 1.0000000000e+00 2.6518956516e+03 
1.4361638522e-06 1.0000000000e+00 2.2566870032e+03 
0.0000000000e+00 0.0000000000e+00 2.9546461033e+03 
9.9419412696e-07 1.0000000000e+00 2.6266799061e+03 
3.3336068622e-05 1.0000000000e+00 2.2316419741e+03 
9.9844856772e-07 1.0000000000e+00 2.3915916193e+03 
4.3282106079e-06 1.0000000000e+00 2.6533734945e+03 
8.3387238592e-06 1.0000000000e+00 2.1318441135e+03 
1.8155970966e-05 1.0000000000e+00 2.1929473150e+03 
1.1179479298e-05 1.0000000000e+00 5.9413528748e+02 
3.0174310942e-05 1.0000000000e+00 2.3308610503e+03 
9.9871615234e-07 1.0000000000e+00 2.7032702338e+03 
9.9856839164e-07 1.0000000000e+00 2.5256369871e+03 
1.1651228550e-05 1.0000000000e+00 1.6155793602e+03 
5.9669309282e-05 1.0000000000e+00 2.1655561411e+03 
9.9870489412e-07 1.0000000000e+00 2.4075271992e+03 
9.9781550253e-07 1.0000000000e+00 2.2155260524e+03 
3.2987211820e-05 1.0000000000e+00 1.2953192714e+03 
5.2295266457e-05 1.0000000000e+00 2.3781736578e+03 
9.9994608402e-07 1.0000000000e+00 2.3483022081e+03 
1.1588315135e-05 1.0000000000e+00 2.0459907977e+03 
9.9883264507e-07 1.0000000000e+00 2.4985552041e+03 
1.6932470170e-06 1.0000000000e+00 2.2689752661e+03 
9.9722389483e-07 1.0000000000e+00 2.2988601535e+03 
1.7795124701e-05 1.0000000000e+00 2.2989558852e+03 
7.8116107651e-06 1.0000000000e+00 2.3504995943e+03 
6.4366566014e-06 1.0000000000e+00 2.2014399883e+03 
9.9896080430e-07 1.0000000000e+00 2.7865309573e+03 
3.1263280408e-06 1.0000000000e+00 2.2986806614e+03 
9.9960173268e-07 1.0000000000e+00 2.3257669998e+03 
1.1345807820e-04 1.0000000000e+00 2.3499985111e+03 
9.9917725764e-07 1.0000000000e+00 2.3366109644e+03 
9.6558806890e-06 1.0000000000e+00 7.1698125121e+02 
1.1045798480e-05 1.0000000000e+00 1.4803271547e+03 
9.9615928222e-07 1.0000000000e+00 2.8509254413e+03 
9.9858722428e-07 1.0000000000e+00 2.4609692195e+03 
9.9870299911e-07 1.0000000000e+00 2.6824312106e+03 
1.0996962411e-05 1.0000000000e+00 1.9445567469e+03 
3.1544844049e-05 1.0000000000e+00 2.0982986709e+03 
1.8240791830e-06 1.0000000000e+00 2.1109937053e+03 
4.4927293054e-05 1.0000000000e+00 2.3214972297e+03 
9.9930148780e-07 1.0000000000e+00 2.2244821859e+03 
9.7035844225e-07 1.0000000000e+00 2.2533813426e+03 
9.9927528329e-07 1.0000000000e+00 2.2463863379e+03 
9.9770176181e-07 1.0000000000e+00 2.3377178469e+03 
9.5351682662e-06 1.0000000000e+00 3.0000000000e+02 
9.9916472365e-07 1.0000000000e+00 2.4931401125e+03 
9.9503658797e-07 1.0000000000e+00 2.6681690138e+03 
3.3738159506e-05 1.0000000000e+00 2.1945289025e+03 
9.9813733863e-07 1.0000000000e+00 2.8490135875e+03 
9.7776917468e-07 1.0000000000e+00 2.2776576318e+03 
3.0498802495e-05 1.0000000000e+00 5.4038342458e+02 
1.4181566784e-05 1.0000000000e+00 2.1911512696e+03 
4.1039398609e-06 1.0000000000e+00 2.3332405802e+03 
9.9300377715e-07 1.0000000000e+00 2.4285545812e+03 
1.3908857988e-05 1.0000000000e+00 1.9169841569e+03 
7.4936492027e-07 1.0000000000e+00 2.4041309174e+03 
9.9648623889e-07 1.0000000000e+00 2.5433822379e+03 
9.9536375229e-07 1.0000000000e+00 2.3819407416e+03 
5.2585799572e-06 1.0000000000e+00 2.2230352590e+03 
1.2195107717e-05 1.0000000000e+00 1.7492989587e+03 
8.5851048520e-07 1.0000000000e+00 2.4166805690e+03 
9.9726480280e-07 1.0000000000e+00 2.8345093171e+03 
7.4350862312e-06 1.0000000000e+00 2.5803400173e+03 
1.8781176558e-05 1.0000000000e+00 1.8980521761e+03 
9.9704347456e-07 1.0000000000e+00 2.6816018807e+03 
9.9559379180e-07 1.0000000000e+00 2.1718649147e+03 
9.9554305766e-07 1.0000000000e+00 2.7781545572e+03 
9.6245295010e-07 1.0000000000e+00 2.2828451157e+03 
1.9957267751e-06 1.0000000000e+00 2.6002530079e+03 
7.1867511042e-06 1.0000000000e+00 1.9735693836e+03 
9.8387265918e-07 1.0000000000e+00 2.4281013905e+03 
1.6064993635e-05 1.0000000000e+00 2.3589292478e+03 
9.8167242736e-07 1.0000000000e+00 2.3674023774e+03 
9.9733380403e-07 1.0000000000e+00 2.5714193018e+03 
9.9987375563e-07 1.0000000000e+00 2.4139067886e+03 
9.8541736521e-06 1.0000000000e+00 2.3129262509e+03 
9.9644547301e-07 1.0000000000e+00 2.8171573005e+03 
9.9829624558e-07 1.0000000000e+00 2.3832588660e+03 
4.6237866631e-06 1.0000000000e+00 2.6477332746e+03 
9.9780241286e-07 1.0000000000e+00 2.3231113584e+03 
9.9364869854e-07 1.0000000000e+00 2.4985116858e+03 
3.4675888023e-05 1.0000000000e+00 2.0756929759e+03 
1.1790774261e-05 1.0000000000e+00 1.3396613783e+03 
9.9958326721e-07 1.0000000000e+00 2.3123721942e+03 
1.9622431751e-05 1.0000000000e+00 2.1195390605e+03 
1.7876416098e-05 1.0000000000e+00 2.3023624383e+03 
4.2956451747e-04 1.0000000000e+00 2.5680961005e+03 
9.9857924412e-07 1.0000000000e+00 2.3602523761e+03 
4.5269518288e-05 1.0000000000e+00 2.1915644296e+03 
9.9817355276e-07 1.0000000000e+00 2.8883984833e+03 
2.5398651891e-05 1.0000000000e+00 2.2750885540e+03 
1.7728024136e-05 1.0000000000e+00 1.7487897459e+03 
7.5212469646e-05 1.0000000000e+00 2.1539807625e+03 
9.7987522549e-07 1.0000000000e+00 2.2988784162e+03 
8.6525638934e-07 1.0000000000e+00 2.2493396004e+03 
6.3921477678e-05 1.0000000000e+00 2.3164001854e+03 
9.9929498162e-07 1.0000000000e+00 2.3469364936e+03 
2.8012412407e-06 1.0000000000e+00 2.2915263876e+03 
9.6147591470e-07 1.0000000000e+00 2.2360243640e+03 
1.9477656678e-06 1.0000000000e+00 2.4022630178e+03 
3.4058253692e-06 1.0000000000e+00 2.3914323413e+03 
8.3675586516e-06 1.0000000000e+00 2.0235090103e+03 
1.6681293893e-05 1.0000000000e+00 2.0648406297e+03 
9.6272261825e-06 1.0000000000e+00 2.2086022399e+03 
1.8043490773e-06 1.0000000000e+00 2.8080740920e+03 
9.9998196910e-07 1.0000000000e+00 2.5177104897e+03 
-1.0000000000e+00 -1.0000000000e+00 -1.0000000000e+00 
1.8901436411e-06 1.0000000000e+00 2.2214236408e+03 
8.7684496810e-07 1.0000000000e+00 2.4593863297e+03 
9.9819146308e-07 1.0000000000e+00 2.6494210633e+03 
1.4677477112e-05 1.0000000000e+00 2.0988893185e+03 
1.1822722051e-05 1.0000000000e+00 2.0036938412e+03 
9.9750576829e-07 1.0000000000e+00 2.5216989333e+03 
9.9859423918e-07 1.0000000000e+00 2.2179043298e+03 
1.4726105353e-06 1.0000000000e+00 2.3303790738e+03 
9.9730337799e-07 1.0000000000e+00 2.4197209253e+03 
1.2956142250e-05 1.0000000000e+00 2.3572798129e+03 
3.5896309079e-06 1.0000000000e+00 2.2744220468e+03 
9.9821542891e-07 1.0000000000e+00 2.3785428763e+03 
4.1550764529e-04 1.0000000000e+00 1.5794533724e+03 
9.9534269296e-07 1.0000000000e+00 2.7559843433e+03 
6.2336687540e-05 1.0000000000e+00 2.3157562855e+03 
9.9694991777e-07 1.0000000000e+00 2.4816031964e+03 
2.1550044170e-05 1.0000000000e+00 2.4124306216e+03 
9.9849274453e-07 1.0000000000e+00 2.5155172135e+03 
9.9708044802e-07 1.0000000000e+00 2.5623332416e+03 
9.9986953537e-07 1.0000000000e+00 2.3472043792e+03 
9.8936966453e-07 1.0000000000e+00 2.2781169755e+03 
9.9502883063e-07 1.0000000000e+00 2.3805952620e+03 
1.5242529867e-06 1.0000000000e+00 2.4419630109e+03 
9.9739396584e-07 1.0000000000e+00 2.2924748157e+03 
4.1474505932e-06 1.0000000000e+00 2.4065950650e+03 
3.8462597963e-06 1.0000000000e+00 2.1469839878e+03 
8.6971273587e-06 1.0000000000e+00 1.9771818695e+03 
9.9912380048e-07 1.0000000000e+00 2.4521804435e+03 
3.3373600499e-04 1.0000000000e+00 2.5976624014e+03 
9.9911406889e-07 1.0000000000e+00 2.4680029148e+03 
7.2642823136e-06 1.0000000000e+00 2.5735117872e+03 
9.9976752385e-07 1.0000000000e+00 2.5502172707e+03 
1.2699177642e-05 1.0000000000e+00 2.4731485275e+03 
9.9786681721e-07 1.0000000000e+00 2.3352288960e+03 
1.2258810549e-05 1.0000000000e+00 1.7372721378e+03 
9.9894688183e-07 1.0000000000e+00 2.3887217999e+03 
8.8480162356e-06 1.0000000000e+00 2.0805696602e+03 
9.9822152584e-07 1.0000000000e+00 2.5194262236e+03 
9.6971786507e-07 1.0000000000e+00 2.4464421768e+03 
3.3956697513e-04 1.0000000000e+00 2.6375555235e+03 
4.1593447224e-05 1.0000000000e+00 2.2398774008e+03 
6.2679003869e-06 1.0000000000e+00 2.0488980500e+03 
9.9506239665e-07 1.0000000000e+00 2.4528618099e+03 
8.6911148510e-06 1.0000000000e+00 2.2111392018e+03 
9.9751698226e-07 1.0000000000e+00 2.3663071412e+03 
9.9884014894e-07 1.0000000000e+00 2.2778363321e+03 
9.9971708262e-07 1.0000000000e+00 2.4050318099e+03 
2.4034827771e-05 1.0000000000e+00 2.2997403469e+03 
1.7221930494e-05 1.0000000000e+00 2.1058237300e+03 
9.9664010838e-07 1.0000000000e+00 2.7598571125e+03 
1.0317771677e-05 1.0000000000e+00 2.3943258028e+03 
9.9663675133e-07 1.0000000000e+00 2.5122588362e+03 
2.0317723296e-05 1.0000000000e+00 2.2585700464e+03 
6.4001159948e-06 1.0000000000e+00 2.2408998532e+03 
9.9577578261e-07 1.0000000000e+00 2.7657430452e+03 
9.9898357186e-07 1.0000000000e+00 2.4637625731e+03 
2.0648706274e-05 1.0000000000e+00 2.0531730696e+03 
9.9419693621e-07 1.0000000000e+00 2.5038096635e+03 
9.9955252530e-07 1.0000000000e+00 2.2778231704e+03 
1.2328112902e-05 1.0000000000e+00 2.2032242042e+03 
9.9396813440e-07 1.0000000000e+00 2.4233661331e+03 
2.6484292809e-05 1.0000000000e+00 1.8483456352e+03 
5.3957831029e-05 1.0000000000e+00 1.6937829482e+03 
1.3944876645e-06 1.0000000000e+00 2.4238626693e+03 
9.9847903669e-07 1.0000000000e+00 2.5060856611e+03 
6.2766313540e-05 1.0000000000e+00 2.0824159063e+03 
9.9836699040e-07 1.0000000000e+00 2.3701640502e+03 
1.3450796710e-05 1.0000000000e+00 2.1328604190e+03 
1.0685143728e-04 1.0000000000e+00 1.5768075716e+03 
9.9890695342e-07 1.0000000000e+00 2.4279243044e+03 
7.3411851102e-06 1.0000000000e+00 2.1103532008e+03 
9.9621919798e-07 1.0000000000e+00 2.2699055334e+03 
1.6983730861e-05 1.0000000000e+00 2.0566866470e+03 
9.9811372926e-07 1.0000000000e+00 2.2581087957e+03 
9.9659895254e-07 1.0000000000e+00 2.4982908158e+03 
2.4867125163e-06 1.0000000000e+00 2.2234077260e+03 
1.9418909186e-05 1.0000000000e+00 8.3077374491e+02 
2.0156491122e-06 1.0000000000e+00 2.3361402587e+03 
3.0783895463e-06 1.0000000000e+00 2.1470812874e+03 
9.9883915709e-07 1.0000000000e+00 2.4445366356e+03 
1.4467766065e-05 1.0000000000e+00 2.3382862753e+03 
9.9959208535e-07 1.0000000000e+00 2.0937236263e+03 
9.9891368891e-07 1.0000000000e+00 2.5464248603e+03 
9.9768333288e-07 1.0000000000e+00 2.6145950284e+03 
9.9568307705e-07 1.0000000000e+00 2.6442407794e+03 
